-0.061280268094961 
0.000663941573902 
0.022843594397865 
0.074381497280991 
0.134089969318300 
0.174736492248464 
0.229119363365300 
0.280845437795741 
0.325968969468530 
0.366582113921045 
0.395378680925576 
0.409482204316476 
0.409482204324187 
0.395378680952551 
0.366582113978343 
0.325968969466735 
0.280845437851975 
0.229119363291513 
0.174736492137625 
0.134089969172163 
0.074381497405390 
0.022843595636566 
0.000663942655841 
-0.061280267953487 
1.360756247611943 
1.441309890712019 
1.414454544453432 
1.296551318776658 
1.207685142940130 
1.100989141814329 
0.980189894402134 
0.837401135471743 
0.673220610033890 
0.493300900214042 
0.301014056198231 
0.101143272479931 
-0.101143272485230 
-0.301014056202030 
-0.493300900222991 
-0.673220610042694 
-0.837401135476449 
-0.980189894382635 
-1.100989141792592 
-1.207685142859694 
-1.296551317593568 
-1.414454521183248 
-1.441309846644547 
-1.360756236769314 
