-0.061257631771393 
0.000504234462210 
0.022318454619994 
0.074239461272633 
0.132933788370522 
0.174371680535204 
0.228668502544255 
0.280036219402707 
0.326147458747077 
0.366857999393677 
0.395616011986975 
0.410146758898421 
0.410146758907847 
0.395616012016694 
0.366857999450342 
0.326147458755741 
0.280036219475688 
0.228668502517019 
0.174371680466415 
0.132933788054605 
0.074239461207264 
0.022318455810911 
0.000504235405846 
-0.061257631659156 
1.360908626340500 
1.441916917599016 
1.414610351942951 
1.296520394246978 
1.207131334687089 
1.100793242652147 
0.980047608692264 
0.837115207334685 
0.673240124808149 
0.493361029179077 
0.301027570465889 
0.101153883175167 
-0.101153883180609 
-0.301027570469724 
-0.493361029188075 
-0.673240124820274 
-0.837115207345345 
-0.980047608691292 
-1.100793242642536 
-1.207131334512747 
-1.296520392751995 
-1.414610325478874 
-1.441916867877420 
-1.360908614147399 
