-0.044037906576121 
0.010156309398418 
-0.002945583340517 
0.069832713082306 
0.026930883180199 
0.062301196239231 
0.035104590400354 
0.052055675217914 
0.086940220600199 
0.107095905569206 
0.134141090960141 
0.147903301336812 
0.147903302986815 
0.134141094449268 
0.107095913585931 
0.086940231469614 
0.052055668337695 
0.035104532298475 
0.062301066525054 
0.026930575171028 
0.069832268606130 
-0.002945826780956 
0.010156123307688 
-0.044037948200971 
1.747294604676105 
1.975664510004384 
1.843754520415198 
1.638683658923901 
1.473158146856994 
1.360444440207877 
1.195021827506262 
1.005657119951811 
0.809521418719451 
0.590491052101148 
0.359837386559781 
0.120982277468411 
-0.120982277331834 
-0.359837386510795 
-0.590491052860963 
-0.809521420523350 
-1.005657119831948 
-1.195021817903891 
-1.360444427063550 
-1.473158099106325 
-1.638683400975834 
-1.843752656924013 
-1.975661428541081 
-1.747293890639749 
