-0.057796571261928 
0.000792467970775 
0.020561402434065 
0.070463627898145 
0.125419738404137 
0.163753474512328 
0.216874902468660 
0.265999277788256 
0.309387057318424 
0.347767534263555 
0.375142204898514 
0.388494043544583 
0.388494042859121 
0.375142206045893 
0.347767536637474 
0.309387059713322 
0.265999282687600 
0.216874907446267 
0.163753483099169 
0.125419750779070 
0.070463633728028 
0.020561403126160 
0.000792467166638 
-0.057796570913247 
1.517809031166808 
1.592340702261903 
1.559277653775981 
1.447328044433124 
1.350013711952699 
1.235056008572926 
1.100641762564315 
0.939062759731234 
0.754407869472807 
0.552257952089696 
0.336827247188294 
0.113174552006811 
-0.113174552091814 
-0.336827247113938 
-0.552257952611710 
-0.754407870100870 
-0.939062760797709 
-1.100641764477398 
-1.235056012580966 
-1.350013716918779 
-1.447328046641785 
-1.559277657160061 
-1.592340706513880 
-1.517809032175062 
