-0.074279502930754 
-0.003557518299984 
0.045470568425761 
0.133540490502674 
0.194519301529689 
0.255714502417796 
0.311250109200518 
0.366182267725494 
0.413587711482638 
0.453071057345159 
0.480569576783627 
0.495007028257228 
0.495007028377321 
0.480569576947372 
0.453071057761592 
0.413587712166486 
0.366182268310258 
0.311250109740198 
0.255714501887505 
0.194519299656330 
0.133540488333292 
0.045470566765950 
-0.003557518262962 
-0.074279502919597 
0.964588104644008 
1.029215010101691 
0.991905999904261 
0.922542185035511 
0.853726787775423 
0.777445695239338 
0.691457431635187 
0.589215866810515 
0.475298952455463 
0.348312994883937 
0.213222122967075 
0.071400516869872 
-0.071400516878678 
-0.213222122993350 
-0.348312994994419 
-0.475298952720903 
-0.589215867083401 
-0.691457431879505 
-0.777445694752653 
-0.853726786318697 
-0.922542182812090 
-0.991905998526092 
-1.029215010259976 
-0.964588104616544 
