-0.073799536937259 
-0.000837315207569 
0.047325781604464 
0.126736322887363 
0.188554887323696 
0.248155018600354 
0.304859478984676 
0.361054830447310 
0.410651984515079 
0.452334213919441 
0.481497618523158 
0.496979670577724 
0.496979668668145 
0.481497614631868 
0.452334209337952 
0.410651982758030 
0.361054849812176 
0.304859524548807 
0.248155083052163 
0.188554986822526 
0.126736449181926 
0.047325888490645 
-0.000837288323614 
-0.073799535354145 
0.967018865427635 
1.042394736570311 
1.002041946122496 
0.917537034412497 
0.848177728752433 
0.772517053384342 
0.687279724721645 
0.586944642354644 
0.473917149096979 
0.348236244182270 
0.213209738628351 
0.071596749597193 
-0.071596748855967 
-0.213209738307654 
-0.348236242653210 
-0.473917149121341 
-0.586944653657407 
-0.687279753633544 
-0.772517103115776 
-0.848177819556381 
-0.917537174952435 
-1.002042087695004 
-1.042394786360338 
-0.967018870370079 
