-0.073822667914323 
-0.000465662729511 
0.049022623798898 
0.127508516361297 
0.188317666005052 
0.248645148069735 
0.304039452868686 
0.361161177750206 
0.411060662827298 
0.451706333601156 
0.481980146103189 
0.496611410430518 
0.496611412444735 
0.481980158035942 
0.451706339944177 
0.411060659582731 
0.361161169800803 
0.304039446743601 
0.248645204324419 
0.188317792716536 
0.127508647569837 
0.049022718020109 
-0.000465640475825 
-0.073822666566189 
0.966767237872873 
1.041615851376406 
1.002879123008659 
0.918117112963801 
0.847874309523919 
0.772865076459389 
0.686840985345806 
0.586861838778154 
0.474136654930078 
0.347997669673792 
0.213224652524871 
0.071643938405801 
-0.071643938622266 
-0.213224655125314 
-0.347997670234378 
-0.474136653617223 
-0.586861834581285 
-0.686840983214652 
-0.772865122282888 
-0.847874421819795 
-0.918117255919803 
-1.002879250223113 
-1.041615894003536 
-0.966767242080818 
