-0.073647692717323 
-0.000453831843812 
0.046213317072940 
0.124271552431107 
0.187417760318507 
0.246309363396310 
0.303955747379046 
0.360079260050452 
0.409896080233071 
0.452099022947168 
0.481105840416226 
0.496932648568555 
0.496932644590668 
0.481105829216942 
0.452099016642811 
0.409896087376654 
0.360079300261031 
0.303955830447166 
0.246309460558233 
0.187417885344132 
0.124271719851027 
0.046213470170880 
-0.000453792420612 
-0.073647690451773 
0.967907338931187 
1.046609607699794 
1.003731677040320 
0.915527014253803 
0.847114464447835 
0.771321375269810 
0.686618209574461 
0.586575048081490 
0.473547686425534 
0.348253661923056 
0.213137119989626 
0.071610616622203 
-0.071610615227018 
-0.213137118517296 
-0.348253660561674 
-0.473547690411167 
-0.586575070648316 
-0.686618261937385 
-0.771321449086342 
-0.847114579260765 
-0.915527203013379 
-1.003731880177942 
-1.046609681423553 
-0.967907346326574 
