-0.074311695929594 
-0.003818620373741 
0.044981857521124 
0.133698766872403 
0.195035990619727 
0.256547901180882 
0.312014593094443 
0.366870761951250 
0.413957947899922 
0.453097590652540 
0.480323714961623 
0.494572739665789 
0.494572739744077 
0.480323715308349 
0.453097591123305 
0.413957948472541 
0.366870762690656 
0.312014593850587 
0.256547902051520 
0.195035991307410 
0.133698767530668 
0.044981858167403 
-0.003818619806321 
-0.074311695885539 
0.964445498787752 
1.028337971733729 
0.990864312186688 
0.922547790097538 
0.854185897817762 
0.778006998280830 
0.691937345526814 
0.589530235165532 
0.475467230805812 
0.348324292837992 
0.213206816673367 
0.071376428878265 
-0.071376428879926 
-0.213206816752554 
-0.348324292934465 
-0.475467231035445 
-0.589530235515764 
-0.691937345939933 
-0.778006998880290 
-0.854185898627195 
-0.922547791042919 
-0.990864313999639 
-1.028337973005987 
-0.964445498883411 
