-0.054293525902091 
0.000732318638220 
0.021002752523271 
0.072043466129832 
0.119700598595912 
0.157884938746514 
0.208646699014583 
0.255284615306237 
0.295471097383760 
0.329253547211380 
0.353150198827550 
0.365084895593806 
0.365084895554871 
0.353150198853761 
0.329253547193382 
0.295471097417761 
0.255284615347403 
0.208646699035117 
0.157884938790459 
0.119700598666857 
0.072043466153903 
0.021002752620108 
0.000732318790970 
-0.054293525856201 
1.698245630842609 
1.771430799200976 
1.726485370487390 
1.612530608389389 
1.514465925577686 
1.390823265503769 
1.237543816776581 
1.054185639643752 
0.845755892975250 
0.618154857053099 
0.376577545659396 
0.126472847605816 
-0.126472847607400 
-0.376577545656687 
-0.618154857058119 
-0.845755892986570 
-1.054185639642201 
-1.237543816795977 
-1.390823265541460 
-1.514465925600246 
-1.612530608471933 
-1.726485371090578 
-1.771430800077925 
-1.698245631036917 
