-0.053683802358532 
0.001621909982902 
0.020126952398772 
0.069620244945313 
0.106297415137729 
0.151015371240544 
0.199384447157413 
0.243783108337593 
0.290425546423100 
0.326758939396556 
0.351480272552293 
0.365222921757968 
0.365222921731447 
0.351480272552109 
0.326758939410558 
0.290425546425607 
0.243783108353343 
0.199384447185931 
0.151015371300360 
0.106297415261418 
0.069620245323844 
0.020126954840972 
0.001621912877403 
-0.053683801876287 
1.700593152869474 
1.781069729220630 
1.731366072024837 
1.612056730157894 
1.509389620071916 
1.388337046750853 
1.235158014197826 
1.051457343948168 
0.844752587399077 
0.617836497540398 
0.376413681266310 
0.126440412963485 
-0.126440412964980 
-0.376413681261865 
-0.617836497550218 
-0.844752587405729 
-1.051457343945009 
-1.235158014222494 
-1.388337046796312 
-1.509389620126897 
-1.612056730762350 
-1.731366078417695 
-1.781069739014455 
-1.700593154980050 
