-0.053110891450804 
0.001747406403731 
0.017034049776904 
0.066400290683906 
0.095696537375865 
0.143022648353491 
0.189174162970831 
0.234210625385287 
0.284741230678490 
0.323074111767046 
0.349911711742237 
0.365065814128381 
0.365065814126941 
0.349911711734778 
0.323074111793141 
0.284741230639352 
0.234210625343315 
0.189174162910039 
0.143022648371291 
0.095696538022469 
0.066400291674604 
0.017034052425743 
0.001747409640108 
-0.053110890896738 
1.703065960418160 
1.790942479482961 
1.735596972597053 
1.611239742514187 
1.505430239571091 
1.385605629584288 
1.232401071159154 
1.049177420115289 
0.843697585458512 
0.617326348252169 
0.376254623070510 
0.126423434288283 
-0.126423434290672 
-0.376254623065115 
-0.617326348263657 
-0.843697585458656 
-1.049177420102236 
-1.232401071160475 
-1.385605629624929 
-1.505430239846030 
-1.611239743601630 
-1.735596981900145 
-1.790942494053705 
-1.703065963612296 
