  -0.014195504175927
  -0.004192082137526
   0.010165137905269
   0.068068303190259
   0.095304285939667
   0.156092170035595
   0.219257079711041
   0.282392462286262
   0.331413072600897
   0.404654567603464
   0.442311503374684
   0.459517869393437
   0.459517869763416
   0.442311504278729
   0.404654569149398
   0.331413073464865
   0.282392462632947
   0.219257079028963
   0.156092169264864
   0.095304286440201
   0.068068304794250
   0.010165140356127
  -0.004192080804149
  -0.014195504378242
   1.807729090238335
   1.911712289699044
   1.908021744446879
   1.699935356024074
   1.643807724051769
   1.433039450358068
   1.268011428943463
   1.067960858012770
   0.900190251667607
   0.624239580733202
   0.343215265265080
   0.103022561582483
  -0.103022561377325
  -0.343215262707887
  -0.624239578511878
  -0.900190250210373
  -1.067960857503748
  -1.268011429974537
  -1.433039450586599
  -1.643807730167070
  -1.699935358249300
  -1.908021749183398
  -1.911712291238215
  -1.807729090101899
