-0.052194524908317 
0.002683178419034 
0.014710217573254 
0.062673060364342 
0.077288862520732 
0.131954607953513 
0.173781103601999 
0.216907829806078 
0.274981475607497 
0.316145444837995 
0.344748666560352 
0.362224145333813 
0.362224145491752 
0.344748666698377 
0.316145445269845 
0.274981476362016 
0.216907830818780 
0.173781105341781 
0.131954606538802 
0.077288842529343 
0.062673037586449 
0.014710192086915 
0.002683139786331 
-0.052194532292192 
1.706956547013253 
1.806837436838773 
1.743390839530629 
1.610580663770925 
1.498551243073764 
1.381771299057141 
1.228434177690503 
1.045136948682192 
0.841870088301186 
0.616414850800423 
0.375786761213931 
0.126304055022367 
-0.126304055028685 
-0.375786761229232 
-0.616414850868500 
-0.841870088453992 
-1.045136948934157 
-1.228434178141365 
-1.381771298205399 
-1.498551234414081 
-1.610580641393622 
-1.743390639415117 
-1.806837096005388 
-1.706956468442687 
