-0.052371960115138 
0.002919353682869 
0.016451320440014 
0.064065722149881 
0.080169939135720 
0.134886488040278 
0.177457677455706 
0.219782923148724 
0.277213627022702 
0.317806428716641 
0.345451811146484 
0.362590785978531 
0.362590786116257 
0.345451811243975 
0.317806429043195 
0.277213627587830 
0.219782924066393 
0.177457679533598 
0.134886487543828 
0.080169922346848 
0.064065702722749 
0.016451292200570 
0.002919312672220 
-0.052371967648607 
1.706055060877296 
1.803306213591937 
1.742030704480231 
1.610926539662517 
1.499673904491460 
1.382765622414668 
1.229439861508532 
1.045807505686464 
0.842288730371818 
0.616674538369535 
0.375863437913834 
0.126316834608155 
-0.126316834613370 
-0.375863437923684 
-0.616674538419460 
-0.842288730483053 
-1.045807505922411 
-1.229439862104186 
-1.382765621875199 
-1.499673896936562 
-1.610926519750831 
-1.742030520702995 
-1.803305901936502 
-1.706054989308618 
