-0.054138266430236 
0.001240782542999 
0.021796244100156 
0.072804576112279 
0.117916402559107 
0.157229290275008 
0.207014699555859 
0.252390533441237 
0.293157634251312 
0.326707932697852 
0.350121457740784 
0.362098717118330 
0.362098717085389 
0.350121457756234 
0.326707932704494 
0.293157634306287 
0.252390533509250 
0.207014699621688 
0.157229290292295 
0.117916402611169 
0.072804575133079 
0.021796233016992 
0.001240769564834 
-0.054138268411810 
1.698751886721313 
1.773629723796966 
1.728006850867719 
1.613011896353417 
1.513805457691257 
1.390564123866108 
1.237146301651912 
1.053525708756983 
0.845348761836884 
0.617859367925919 
0.376360156300038 
0.126397237780846 
-0.126397237782275 
-0.376360156297009 
-0.617859367934764 
-0.845348761851696 
-1.053525708763891 
-1.237146301682787 
-1.390564123896355 
-1.513805457709497 
-1.613011893855841 
-1.728006815469649 
-1.773629666416219 
-1.698751873934079 
