-0.061263908162873 
0.001074566568618 
0.022968161229472 
0.074247040941558 
0.132293464635553 
0.174678590989338 
0.227828442216923 
0.278874854770040 
0.327312985062140 
0.367219163483977 
0.396156539024490 
0.411857298323217 
0.411857298370640 
0.396156539285982 
0.367219163745134 
0.327312985115329 
0.278874854929689 
0.227828442242352 
0.174678590551958 
0.132293464358832 
0.074247041047208 
0.022968161023547 
0.001074566273218 
-0.061263908189921 
1.360852109146878 
1.441737900277430 
1.414505982665953 
1.296700181563187 
1.206953987588807 
1.100731070726177 
0.979677006806890 
0.836560243968725 
0.673496881566673 
0.493472562230580 
0.301056458540655 
0.101193195173714 
-0.101193195184060 
-0.301056458577647 
-0.493472562269369 
-0.673496881583094 
-0.836560244033034 
-0.979677006819189 
-1.100731070576493 
-1.206953987446106 
-1.296700181617690 
-1.414505982599517 
-1.441737900261446 
-1.360852109171415 
