-0.061191820348496 
0.000682370626238 
0.021837073372231 
0.074759539762296 
0.129632473092882 
0.173276217548031 
0.227012558930854 
0.277197355076971 
0.326239904904195 
0.366711409019504 
0.396012087021578 
0.411622890769515 
0.411622890822738 
0.396012087254782 
0.366711409285447 
0.326239905032761 
0.277197355185372 
0.227012558906313 
0.173276217172779 
0.129632472778215 
0.074759539788010 
0.021837073111315 
0.000682370278147 
-0.061191820381165 
1.361342442942774 
1.443758827680446 
1.415312094113792 
1.297099970465171 
1.205708524902836 
1.100013115064755 
0.979406716294296 
0.836005174872135 
0.673203777416759 
0.493359692868905 
0.301035704652822 
0.101189253662456 
-0.101189253672884 
-0.301035704684194 
-0.493359692912724 
-0.673203777452098 
-0.836005174917171 
-0.979406716291822 
-1.100013114949842 
-1.205708524740143 
-1.297099970465331 
-1.415312093961764 
-1.443758827579937 
-1.361342442955023 
