-0.061383184719166 
0.002174473432633 
0.024862093807741 
0.071677695670453 
0.140248821213206 
0.178216716171425 
0.227274667436875 
0.283410996473696 
0.330029499710280 
0.368120832488323 
0.396937276546982 
0.412085152829219 
0.412085152825593 
0.396937276526292 
0.368120832484600 
0.330029499751577 
0.283410996630295 
0.227274667555908 
0.178216716459009 
0.140248821436106 
0.071677695752146 
0.024862094170131 
0.002174473781027 
-0.061383184679067 
1.359812713690839 
1.437540896323937 
1.412502292988915 
1.294933272682895 
1.210664150462665 
1.102710843323162 
0.979343070825765 
0.837983264273658 
0.674298825130426 
0.493645908623115 
0.301158774219232 
0.101224753748092 
-0.101224753749633 
-0.301158774221315 
-0.493645908619442 
-0.674298825150269 
-0.837983264320129 
-0.979343070880875 
-1.102710843452700 
-1.210664150578464 
-1.294933272824161 
-1.412502293603419 
-1.437540896970473 
-1.359812713793046 
