-0.061394256055671 
0.002314259218483 
0.024990005336376 
0.071244390996089 
0.141555613389588 
0.178668401496235 
0.226627510923549 
0.284125201053674 
0.330688330431542 
0.368060985407137 
0.396926908645845 
0.412258592279322 
0.412258592278519 
0.396926908630539 
0.368060985403548 
0.330688330471338 
0.284125201213847 
0.226627511042630 
0.178668401806513 
0.141555613617078 
0.071244391065571 
0.024990005716276 
0.002314259582108 
-0.061394256014279 
1.359695683814478 
1.437073631380023 
1.412221414950035 
1.294617706752130 
1.211252990264119 
1.102988032184749 
0.979085193597225 
0.838188895698583 
0.674499816863675 
0.493647636977370 
0.301149321515561 
0.101228703661186 
-0.101228703663071 
-0.301149321518200 
-0.493647636973433 
-0.674499816882711 
-0.838188895746210 
-0.979085193652185 
-1.102988032325747 
-1.211252990378227 
-1.294617706886331 
-1.412221415568902 
-1.437073632022676 
-1.359695683914511 
