-0.051114482019841 
0.003636026374642 
0.012073104364299 
0.070082094948747 
0.090031710046483 
0.124081266769177 
0.153019383715433 
0.199150700164409 
0.237546780478266 
0.266712478644122 
0.294991507170851 
0.307272062020592 
0.307272062380572 
0.294991507757117 
0.266712480156564 
0.237546782789133 
0.199150702215532 
0.153019387792009 
0.124081254760872 
0.090031606738187 
0.070081986323690 
0.012073104549170 
0.003635998605597 
-0.051114492825252 
1.712932969060526 
1.831906531270478 
1.757736620973145 
1.616486051623119 
1.503188040323636 
1.380065061666706 
1.223156720149754 
1.041166629514903 
0.835995247713224 
0.610457338054052 
0.372214741246188 
0.125094248620348 
-0.125094248640042 
-0.372214741287966 
-0.610457338280457 
-0.835995248133934 
-1.041166629992058 
-1.223156721460107 
-1.380065058901619 
-1.503188006526203 
-1.616485975376570 
-1.757736144746327 
-1.831905706346409 
-1.712932774626757 
