-0.052731659268497 
0.006253192291394 
0.029665248664131 
0.079380381972087 
0.101295869996311 
0.150770349431264 
0.191581486988991 
0.225914541031118 
0.272368365602302 
0.304127172217688 
0.323654597941879 
0.336444439316240 
0.336444439314835 
0.323654597866717 
0.304127172412850 
0.272368365792478 
0.225914541224437 
0.191581487303259 
0.150770349289173 
0.101295869932511 
0.079380374831872 
0.029665169164320 
0.006253098958833 
-0.052731673650546 
1.703280486529070 
1.793517908610879 
1.742042460581684 
1.617248744873502 
1.507647982026298 
1.388048894928677 
1.233358309003115 
1.047474840281278 
0.841684286061286 
0.615233102693467 
0.374448613162565 
0.125739701556874 
-0.125739701557190 
-0.374448613154976 
-0.615233102732883 
-0.841684286099164 
-1.047474840330102 
-1.233358309101964 
-1.388048894918671 
-1.507647982013960 
-1.617248726549110 
-1.742042204292858 
-1.793517493635003 
-1.703280394037017 
