-0.051408309365566 
0.004414393026231 
0.016026225219015 
0.072763199859105 
0.092941595596969 
0.129269906692330 
0.160052162602934 
0.204625406218159 
0.244431266572877 
0.273503942354834 
0.300382216773678 
0.312742926046277 
0.312742926327303 
0.300382217194676 
0.273503943534040 
0.244431268057354 
0.204625407909579 
0.160052169647435 
0.129269900633479 
0.092941508151577 
0.072763108999595 
0.016026209123147 
0.004414349060973 
-0.051408321555168 
1.710991881888431 
1.824256726424026 
1.754713004481714 
1.616876223879916 
1.504260005551641 
1.381608121349499 
1.225014753317489 
1.042436176024009 
0.837138056967983 
0.611327345436915 
0.372627471575504 
0.125220009017342 
-0.125220009032598 
-0.372627471604728 
-0.611327345615212 
-0.837138057232803 
-1.042436176428475 
-1.225014755302947 
-1.381608120075419 
-1.504259977281691 
-1.616876158563742 
-1.754712570566596 
-1.824255979485354 
-1.710991706920185 
