-0.069169933940262 
-0.001715140494381 
0.028091833154974 
0.099274492262294 
0.161114889312151 
0.216687584166217 
0.271637201379481 
0.325651398381359 
0.377924285616628 
0.417887977585647 
0.450177877937380 
0.465054288066201 
0.465054288071026 
0.450177877897980 
0.417887977455242 
0.377924285320145 
0.325651397928106 
0.271637200983860 
0.216687583863169 
0.161114889138244 
0.099274491977689 
0.028091832369908 
-0.001715140492772 
-0.069169933922205 
1.090498215798951 
1.172540232229866 
1.147129633778028 
1.041112496342950 
0.957748052669024 
0.872186643940787 
0.776320702327377 
0.662166712375802 
0.535508682256084 
0.393131085840807 
0.240830611408112 
0.081134856946125 
-0.081134856928107 
-0.240830611431876 
-0.393131085783929 
-0.535508682168921 
-0.662166712180536 
-0.776320702113469 
-0.872186643797493 
-0.957748052491912 
-1.041112496505532 
-1.147129634290601 
-1.172540233196192 
-1.090498215969730 
