-0.069218163814109 
-0.001567225451105 
0.029015223919003 
0.099091935881320 
0.162099245352614 
0.217189953383706 
0.272523805230113 
0.326003218167992 
0.378561368817920 
0.418013548706999 
0.450215110965152 
0.465007524349300 
0.465007524328316 
0.450215110919336 
0.418013548587151 
0.378561368532193 
0.326003217709953 
0.272523804825159 
0.217189953087312 
0.162099245230345 
0.099091935520007 
0.029015222731802 
-0.001567225647764 
-0.069218163808788 
1.090205099784139 
1.171261268014653 
1.146827422887699 
1.040833236165042 
0.958356751904606 
0.872536448369933 
0.776759708093243 
0.662358188505211 
0.535706709714818 
0.393195344276105 
0.240818363976028 
0.081157528124337 
-0.081157528104189 
-0.240818364001100 
-0.393195344221428 
-0.535706709630790 
-0.662358188302182 
-0.776759707873237 
-0.872536448241482 
-0.958356751756846 
-1.040833236214924 
-1.146827422839202 
-1.171261268469564 
-1.090205099871225 
