-0.069432678133805 
-0.000096283470797 
0.032608643261363 
0.094275469939743 
0.174204123866965 
0.215242477306103 
0.280420816385999 
0.331572223771027 
0.379209051254970 
0.422689802490246 
0.447384725329282 
0.464373529689473 
0.464373529655574 
0.447384725158923 
0.422689802246803 
0.379209050940466 
0.331572223485289 
0.280420815946187 
0.215242476918891 
0.174204123700748 
0.094275469510954 
0.032608642338443 
-0.000096283388510 
-0.069432678108412 
1.088540241383515 
1.164326768729663 
1.143805436779410 
1.035816215202243 
0.966204748965883 
0.872180396318377 
0.780043793010570 
0.665708054435353 
0.535533989698471 
0.394518741937371 
0.240640781740088 
0.080901902321426 
-0.080901902298679 
-0.240640781757742 
-0.394518741824724 
-0.535533989616618 
-0.665708054301497 
-0.780043792746406 
-0.872180396227872 
-0.966204748669682 
-1.035816215138039 
-1.143805436822299 
-1.164326769020189 
-1.088540241389078 
