-0.069292217362261 
-0.001226134846835 
0.030508262599596 
0.098331537134469 
0.164142575141688 
0.217837874584255 
0.274587998499189 
0.326968808951038 
0.379257615615774 
0.417886281551011 
0.450539599468876 
0.464771181203282 
0.464771181084775 
0.450539599317074 
0.417886281260620 
0.379257615254992 
0.326968808699695 
0.274587998211921 
0.217837874143532 
0.164142574889266 
0.098331536884405 
0.030508262217394 
-0.001226134516260 
-0.069292217318605 
1.089706105415653 
1.169127728510689 
1.146252695396593 
1.039995933170036 
0.959637573737252 
0.873033269836409 
0.777748838572325 
0.662899110592378 
0.535920879377737 
0.393196875635917 
0.240822620202723 
0.081224457492478 
-0.081224457459961 
-0.240822620221217 
-0.393196875521643 
-0.535920879283063 
-0.662899110491059 
-0.777748838397521 
-0.873033269621656 
-0.959637573464556 
-1.039995933398353 
-1.146252696526254 
-1.169127730008192 
-1.089706105647331 
