-0.057872141497450 
0.001899161453294 
0.022747248054753 
0.069918036841403 
0.128308439032517 
0.166468351235761 
0.217207020356504 
0.267402666648937 
0.311217259516245 
0.347870609223729 
0.374316306295058 
0.387731529373848 
0.387731529353066 
0.374316306359336 
0.347870609289083 
0.311217259708954 
0.267402667087015 
0.217207021442661 
0.166468354072886 
0.128308442925293 
0.069918038937553 
0.022747248337650 
0.001899161485223 
-0.057872141498838 
1.517234439102066 
1.590379847985679 
1.558948443637095 
1.446999711149196 
1.351219395628256 
1.236126533966465 
1.100742543013296 
0.939379828275850 
0.754821988344577 
0.552317341087393 
0.336755924236039 
0.113146322151139 
-0.113146322154664 
-0.336755924242899 
-0.552317341102314 
-0.754821988397281 
-0.939379828402537 
-1.100742543385004 
-1.236126535151809 
-1.351219397509432 
-1.446999712384606 
-1.558948443833531 
-1.590379847916387 
-1.517234439078005 
