-0.057871482338282 
0.002065109964912 
0.023259391177082 
0.070453274774384 
0.129139486380911 
0.166940975847603 
0.217402411080958 
0.267446278983563 
0.310795390197855 
0.347034627611226 
0.373196979395744 
0.386433007638109 
0.386433007616166 
0.373196979457417 
0.347034627668915 
0.310795390376920 
0.267446279379788 
0.217402412121825 
0.166940978737866 
0.129139490364776 
0.070453276834576 
0.023259391364279 
0.002065109960573 
-0.057871482342325 
1.517191360182786 
1.590271768227454 
1.559108818482640 
1.447256665552587 
1.351582446004824 
1.236320479537036 
1.100806572639627 
0.939402524818837 
0.754749207279519 
0.552203143601432 
0.336662983942295 
0.113110807202796 
-0.113110807206423 
-0.336662983949030 
-0.552203143615315 
-0.754749207329054 
-0.939402524932284 
-1.100806572995302 
-1.236320480746310 
-1.351582447921550 
-1.447256666772310 
-1.559108818624297 
-1.590271768121490 
-1.517191360153615 
