-0.043508307626722 
0.004419450091212 
0.019232217180064 
0.050140784283257 
0.079917569919561 
0.124769425186210 
0.170087003868767 
0.210235938093486 
0.244658222388965 
0.268314170153878 
0.283408377616677 
0.290962443490813 
0.290962443482998 
0.283408377598512 
0.268314170215500 
0.244658222400669 
0.210235938154921 
0.170087003876852 
0.124769425178243 
0.079917569825064 
0.050140782983493 
0.019232216447145 
0.004419453874917 
-0.043508306528800 
2.460231963548209 
2.524135341891189 
2.462878409515526 
2.351159893404027 
2.215302857695102 
2.034456526317114 
1.808152577097524 
1.539822487322014 
1.236105793684667 
0.903633807169741 
0.550487295887505 
0.184885312120004 
-0.184885312119586 
-0.550487295887708 
-0.903633807172930 
-1.236105793685577 
-1.539822487331516 
-1.808152577096474 
-2.034456526324336 
-2.215302857662060 
-2.351159894906260 
-2.462878445807831 
-2.524135409952627 
-2.460231979969419 
