-0.041191211604375 
0.007550601783870 
0.010033244100842 
0.025577994492171 
0.026938474464962 
0.068840875341697 
0.113153697162383 
0.163312354064886 
0.212356829356471 
0.245921496738191 
0.268626660494187 
0.280455671697096 
0.280455671716284 
0.268626660483938 
0.245921496880032 
0.212356829315256 
0.163312354332714 
0.113153697706735 
0.068840876733116 
0.026938478624541 
0.025578000214003 
0.010033248544156 
0.007550611382067 
-0.041191209036901 
2.469909888248970 
2.562760515445742 
2.480134883747385 
2.344443699652243 
2.200185656063783 
2.021985346235180 
1.798966400804100 
1.534216756021993 
1.233479638452305 
0.902469191886690 
0.550051041415092 
0.184783821136263 
-0.184783821136599 
-0.550051041415910 
-0.902469191894057 
-1.233479638451512 
-1.534216756069696 
-1.798966400904734 
-2.021985346569211 
-2.200185657047415 
-2.344443706327027 
-2.480134984418397 
-2.562760699680979 
-2.469909932558881 
