-0.061344994788070 
0.001050564453935 
0.023275699078400 
0.072604364740040 
0.135546106108150 
0.175038259816788 
0.229089345084961 
0.283123763139445 
0.327474862723886 
0.367975523599998 
0.397811121698412 
0.411817565655636 
0.411817565667656 
0.397811121741788 
0.367975523661445 
0.327474862761634 
0.283123763244410 
0.229089345055286 
0.175038259829423 
0.135546106089199 
0.072604364752897 
0.023275699292275 
0.001050564642749 
-0.061344994762905 
1.360347792975442 
1.439648371527580 
1.413486077235335 
1.295474077664377 
1.208338969720762 
1.101207253301430 
0.980097793229098 
0.838110142785771 
0.673642762745266 
0.493513800790561 
0.301266658712988 
0.101246440246511 
-0.101246440251108 
-0.301266658722099 
-0.493513800798369 
-0.673642762762209 
-0.838110142811185 
-0.980097793224085 
-1.101207253321209 
-1.208338969705002 
-1.295474077735254 
-1.413486077649429 
-1.439648371944228 
-1.360347793040388 
