-0.065247714995664 
0.000790266886099 
0.023705472157637 
0.075600854376337 
0.151754100495135 
0.191120857537237 
0.247419822555568 
0.303166550705506 
0.349368276920315 
0.392354442409816 
0.422357858865547 
0.436236249549630 
0.436236249538917 
0.422357859024756 
0.392354442573066 
0.349368277084537 
0.303166550879081 
0.247419822750520 
0.191120857884563 
0.151754100719098 
0.075600854694252 
0.023705472808660 
0.000790266986391 
-0.065247715002169 
1.218391806595393 
1.298275689728853 
1.281525185353071 
1.162718275947854 
1.080047776187500 
0.981258268464789 
0.874509541374030 
0.748923440082510 
0.602558366352938 
0.442032521410687 
0.269932769246768 
0.090694350818185 
-0.090694350829167 
-0.269932769256570 
-0.442032521466023 
-0.602558366390987 
-0.748923440154676 
-0.874509541469618 
-0.981258268581071 
-1.080047776395361 
-1.162718276030138 
-1.281525185338356 
-1.298275689632567 
-1.218391806590184 
