-0.065248893500919 
0.001349213936175 
0.026511739968771 
0.077866175291988 
0.147658953919974 
0.192346094888955 
0.250177110128512 
0.298972974822343 
0.348420077613112 
0.393112954835566 
0.421709938085446 
0.436150417004708 
0.436150417015387 
0.421709938134343 
0.393112954923696 
0.348420077722337 
0.298972974820784 
0.250177110071272 
0.192346094683323 
0.147658953589399 
0.077866175393420 
0.026511740390321 
0.001349213915383 
-0.065248893511190 
1.218424027452947 
1.298261249038654 
1.282440811527293 
1.164409955190905 
1.078078002634492 
0.981362603811074 
0.875783317017715 
0.747252681870910 
0.602016668234084 
0.442238730880199 
0.269864904737005 
0.090645951509675 
-0.090645951521035 
-0.269864904722320 
-0.442238730925641 
-0.602016668257312 
-0.747252681873603 
-0.875783317021270 
-0.981362603656479 
-1.078078002467411 
-1.164409955108399 
-1.282440811203590 
-1.298261248590215 
-1.218424027383461 
