-0.065260216656272 
0.002658452296113 
0.028088613788475 
0.074464217026390 
0.155203982603760 
0.193816928074532 
0.245066507929209 
0.305270967377666 
0.351520017946448 
0.390586290848549 
0.422050950318434 
0.438183899613491 
0.438183899513193 
0.422050950278974 
0.390586290809038 
0.351520018012168 
0.305270967722877 
0.245066508294287 
0.193816928405442 
0.155203982769462 
0.074464217405040 
0.028088614511717 
0.002658452430426 
-0.065260216653511 
1.217802985630454 
1.295851705713047 
1.281141682727642 
1.161701545657350 
1.081962604049109 
0.982779441249758 
0.873287818203295 
0.749434924190369 
0.603348050162861 
0.441722107622408 
0.269767667110537 
0.090735543578605 
-0.090735543578861 
-0.269767667089505 
-0.441722107637352 
-0.603348050183051 
-0.749434924328547 
-0.873287818380082 
-0.982779441364685 
-1.081962604209132 
-1.161701545780163 
-1.281141682886611 
-1.295851705766063 
-1.217802985648911 
