-0.080591017640963 
-0.002040042443326 
0.074836028584670 
0.154653466160579 
0.226231479388414 
0.289819728847307 
0.351238028848888 
0.405584657043382 
0.453605873069973 
0.491471732939949 
0.518217945524148 
0.531715540509463 
0.531715543482807 
0.518217949604407 
0.491471731291362 
0.453605868796455 
0.405584657016721 
0.351238029579504 
0.289819728559917 
0.226231479443468 
0.154653464280653 
0.074836029001226 
-0.002040043675251 
-0.080591017698954 
0.829826974475718 
0.871174428454972 
0.852358576093528 
0.799435161890349 
0.744359626411960 
0.676833016341291 
0.599457073540065 
0.510072656987013 
0.410059720576612 
0.300652390918854 
0.183513804918710 
0.061761115115168 
-0.061761115587207 
-0.183513805249058 
-0.300652390052683 
-0.410059719268193 
-0.510072657165156 
-0.599457074621945 
-0.676833015364944 
-0.744359625943148 
-0.799435161338542 
-0.852358573855171 
-0.871174424902739 
-0.829826974373071 
