-0.080622978893358 
-0.001938615125523 
0.076146484500854 
0.154883458542022 
0.226089788433893 
0.290206829408463 
0.351090322861366 
0.406050165403705 
0.453709359449050 
0.491768645818101 
0.518355010753976 
0.532150033060082 
0.532150031312647 
0.518355009763646 
0.491768646983984 
0.453709359546403 
0.406050164716683 
0.351090322812546 
0.290206829641495 
0.226089787975268 
0.154883456148637 
0.076146484936670 
-0.001938616086251 
-0.080622978944049 
0.829340026110082 
0.868995109655466 
0.853057044364917 
0.800292496861494 
0.744056828772648 
0.677241689264764 
0.599322287070669 
0.510320496322246 
0.410114670636673 
0.300729360100099 
0.183541078019591 
0.061760183134642 
-0.061760183013990 
-0.183541077851096 
-0.300729360364905 
-0.410114670828687 
-0.510320495929453 
-0.599322287649175 
-0.677241688830026 
-0.744056827576977 
-0.800292495605233 
-0.853057042727229 
-0.868995106549944 
-0.829340025971405 
