-0.080508157048311 
-0.002715321258124 
0.071195796675697 
0.155860638645051 
0.224588068204171 
0.289723619300116 
0.350090968095939 
0.405449340353529 
0.452720316035757 
0.490694867453104 
0.517524047160580 
0.531440213379926 
0.531440209318672 
0.517524035796192 
0.490694865608605 
0.452720325089064 
0.405449340876328 
0.350090963605566 
0.289723618773197 
0.224588067872305 
0.155860637367554 
0.071195797641866 
-0.002715322895153 
-0.080508157112860 
0.831291090859321 
0.876867903506632 
0.849697562538678 
0.799702372461892 
0.743318934164271 
0.676205153374595 
0.599006522282118 
0.509738658639818 
0.409895253284923 
0.300287770448125 
0.183473561142354 
0.061645740664092 
-0.061645739864593 
-0.183473559026210 
-0.300287771023570 
-0.409895257324626 
-0.509738657937101 
-0.599006520494592 
-0.676205152072143 
-0.743318933560308 
-0.799702373145560 
-0.849697559997008 
-0.876867899344547 
-0.831291090841937 
