-0.080661055054956 
-0.002152679107096 
0.076705666671284 
0.156217164450354 
0.226257554454438 
0.291198675277116 
0.351417568564887 
0.406716075998633 
0.453864130746655 
0.491872457445071 
0.518525759479520 
0.532368836931716 
0.532368834827237 
0.518525752148756 
0.491872456233189 
0.453864138135607 
0.406716077802448 
0.351417565696605 
0.291198673997893 
0.226257554219116 
0.156217162502097 
0.076705667034316 
-0.002152679996955 
-0.080661055105764 
0.828880607425222 
0.866249257947506 
0.851731742353946 
0.802054514020125 
0.744377931465373 
0.677998667958125 
0.599627567639854 
0.510627206595082 
0.410234206339201 
0.300717924804696 
0.183574640502274 
0.061755566747002 
-0.061755566592032 
-0.183574638955733 
-0.300717925072030 
-0.410234209599301 
-0.510627206970273 
-0.599627566049608 
-0.677998666595622 
-0.744377930662035 
-0.802054512876544 
-0.851731740663510 
-0.866249255012276 
-0.828880607259484 
