-0.080671495386055 
-0.002256921645713 
0.076677100530707 
0.156683529013874 
0.226481565762420 
0.291571571674368 
0.351677180407567 
0.406887763967235 
0.453989914155665 
0.491880609320598 
0.518479318971013 
0.532282719626562 
0.532282717297018 
0.518479312200596 
0.491880608874544 
0.453989921030286 
0.406887765267903 
0.351677177385883 
0.291571570361413 
0.226481565617187 
0.156683527271699 
0.076677100790682 
-0.002256922436428 
-0.080671495433434 
0.828770420582517 
0.865472585888362 
0.850990319050991 
0.802531966559293 
0.744690643430990 
0.678277325656243 
0.599839965531357 
0.510706555681071 
0.410294490626802 
0.300717016959866 
0.183567209854222 
0.061749421663356 
-0.061749421535101 
-0.183567208465983 
-0.300717017351450 
-0.410294493625133 
-0.510706555838703 
-0.599839963769897 
-0.678277324361724 
-0.744690642778481 
-0.802531965484085 
-0.850990317419722 
-0.865472583155256 
-0.828770420398508 
