-0.080571050694036 
-0.002290404935804 
0.073718695402027 
0.155345782141861 
0.225885508021836 
0.289931614391692 
0.351020176681708 
0.405544507628428 
0.453502266738929 
0.491085456079470 
0.517920878586234 
0.531745556242961 
0.531745551321764 
0.517920873108691 
0.491085459615253 
0.453502269494482 
0.405544505534716 
0.351020174154983 
0.289931613787533 
0.225885508530448 
0.155345780854040 
0.073718695886734 
-0.002290406338292 
-0.080571050756449 
0.830205217676205 
0.872473371973580 
0.851142593291589 
0.799850479874023 
0.744276209561816 
0.676730722020735 
0.599437297303631 
0.509955465371538 
0.410081541865830 
0.300511727942074 
0.183467196610892 
0.061726812504273 
-0.061726811757888 
-0.183467195971977 
-0.300511729344931 
-0.410081542923235 
-0.509955463944701 
-0.599437296464222 
-0.676730720863358 
-0.744276209741055 
-0.799850480043958 
-0.851142590712502 
-0.872473368161008 
-0.830205217593684 
