-0.080747994152519 
-0.003292444346259 
0.074832612236145 
0.158874309412885 
0.229208279430161 
0.295700600846358 
0.355405199629113 
0.409794326550570 
0.455640002415876 
0.492311416260222 
0.517585435761613 
0.530632672453624 
0.530632672343289 
0.517585435594565 
0.492311416051000 
0.455640001891919 
0.409794325980464 
0.355405199093075 
0.295700600190170 
0.229208278844437 
0.158874308699723 
0.074832611904001 
-0.003292444547638 
-0.080747994178670 
0.828068065107174 
0.859730753931936 
0.842678904058517 
0.803553404674178 
0.748025878686951 
0.681561821724170 
0.602609471647003 
0.512222336236448 
0.411076853395783 
0.300860800296167 
0.183497514934269 
0.061654740572106 
-0.061654741048901 
-0.183497514652561 
-0.300860799893394 
-0.411076853423586 
-0.512222336017288 
-0.602609471176198 
-0.681561821227062 
-0.748025877892218 
-0.803553403839173 
-0.842678902805458 
-0.859730752420812 
-0.828068064821357 
