-0.073440752492140 
-0.000402251216907 
0.043493350682460 
0.121618369093664 
0.186419894918027 
0.244059287339333 
0.302786986615303 
0.358831914160320 
0.409181647231875 
0.451305305898671 
0.480673804334720 
0.496448000875238 
0.496447999691439 
0.480673798386637 
0.451305315146224 
0.409181688027490 
0.358831986018117 
0.302787105006004 
0.244059432604097 
0.186420051237815 
0.121618569170045 
0.043493554330064 
-0.000402196219861 
-0.073440749479599 
0.969225632053554 
1.052315064609100 
1.004896543107757 
0.913251718651031 
0.846181434008366 
0.769840739495748 
0.685795459138286 
0.586049673334244 
0.473196149563509 
0.348133243245780 
0.213019258307060 
0.071654511294182 
-0.071654509828642 
-0.213019258062881 
-0.348133247390679 
-0.473196167203184 
-0.586049711218494 
-0.685795534189736 
-0.769840849831243 
-0.846181576421387 
-0.913251948828415 
-1.004896818212991 
-1.052315172008029 
-0.969225643102693 
