-0.073856789618248 
-0.001032898089263 
0.047584930740868 
0.127705146136503 
0.189093622933698 
0.248929133790397 
0.305289478531443 
0.361487175085904 
0.410961961696019 
0.452354316697991 
0.481560171432346 
0.496861533666148 
0.496861532655738 
0.481560170516134 
0.452354313841950 
0.410961958750196 
0.361487187387224 
0.305289510118708 
0.248929187185340 
0.189093712561318 
0.127705255894338 
0.047585020464709 
-0.001032875733166 
-0.073856788290046 
0.966695658449681 
1.040802021007679 
1.001247254587676 
0.918304510201001 
0.848676175544373 
0.773019855137414 
0.687584701227655 
0.587112957852024 
0.474069548070319 
0.348212885229349 
0.213223953764086 
0.071587157084466 
-0.071587156594461 
-0.213223953924201 
-0.348212884021645 
-0.474069547438257 
-0.587112965197499 
-0.687584721470279 
-0.773019896740816 
-0.848676256954995 
-0.918304631692913 
-1.001247373638999 
-1.040802062439054 
-0.966695662545706 
