-0.072547408741074 
-0.001742865507376 
0.029263710158757 
0.113965500863509 
0.181739177828722 
0.236637319063528 
0.298352522633017 
0.353391985654153 
0.405697821498430 
0.447580941555073 
0.478047881913546 
0.493894859217500 
0.493894877487020 
0.478047937956337 
0.447581060883995 
0.405698005085927 
0.353392214703161 
0.298352791395921 
0.236637616516371 
0.181739452433807 
0.113965787501950 
0.029264055916481 
-0.001742768436495 
-0.072547404965634 
0.975146016053617 
1.076023980878941 
1.006861013181190 
0.906255028935623 
0.841956271330462 
0.764802231275659 
0.682878364612699 
0.583542030709443 
0.471539105469554 
0.347343994141387 
0.212373522384715 
0.071708604505705 
-0.071708605689216 
-0.212373537436312 
-0.347344034069540 
-0.471539181606493 
-0.583542148147195 
-0.682878531382752 
-0.764802458180305 
-0.841956517533822 
-0.906255371782472 
-1.006861525019015 
-1.076024224548391 
-0.975146043921920 
