-0.072928592801427 
-0.000941127845370 
0.035528736689748 
0.116507093910160 
0.183898898971243 
0.239387951777901 
0.300323787875704 
0.355384065203118 
0.407283736066613 
0.449283205635043 
0.479237846694115 
0.495012437921487 
0.495012451662212 
0.479237889073327 
0.449283274568260 
0.407283848221576 
0.355384232451343 
0.300323997229797 
0.239388192565354 
0.183899125806696 
0.116507350348460 
0.035529037969517 
-0.000941041380800 
-0.072928588559661 
0.972617891100543 
1.066219956345817 
1.006447867532456 
0.908683916854583 
0.843885011485657 
0.766685353440823 
0.684143096824464 
0.584503318515666 
0.472251586952257 
0.347769538175181 
0.212660353347076 
0.071711774993236 
-0.071711775086625 
-0.212660363427172 
-0.347769559817421 
-0.472251634510782 
-0.584503405050820 
-0.684143227175302 
-0.766685536984491 
-0.843885215803978 
-0.908684220941794 
-1.006448293631727 
-1.066220145113874 
-0.972617911650170 
