-0.072677967320586 
-0.001455762685903 
0.031371599468561 
0.114709252178880 
0.182495631056778 
0.237493790117213 
0.299039131905452 
0.354067988636440 
0.406240049335212 
0.448135862786456 
0.478460899465798 
0.494305719113513 
0.494305733420354 
0.478460947381655 
0.448135966308918 
0.406240211541468 
0.354068196847022 
0.299039380732696 
0.237494069944182 
0.182495889786569 
0.114709529502971 
0.031371932703734 
-0.001455667899131 
-0.072677963220616 
0.974291997268837 
1.072753568039509 
1.006764218969949 
0.906993586998101 
0.842631791143388 
0.765390481542716 
0.683311118993522 
0.583877539815378 
0.471783170000173 
0.347490684777913 
0.212471403090342 
0.071714863001991 
-0.071714863325666 
-0.212471415911178 
-0.347490719008001 
-0.471783237367812 
-0.583877646663173 
-0.683311273625497 
-0.765390694974197 
-0.842632023469464 
-0.906993918002564 
-1.006764703885085 
-1.072753793385643 
-0.974292022593387 
