-0.046921958524506 
0.001015087182059 
0.018262344945758 
0.057104380009528 
0.066178277373895 
0.112020073291720 
0.168190561375328 
0.207602732447667 
0.248593310952020 
0.283280961449416 
0.306161487222032 
0.317380492842315 
0.317380492823724 
0.306161487212820 
0.283280961471111 
0.248593310855938 
0.207602732182957 
0.168190560606076 
0.112020071612330 
0.066178275293879 
0.057104380721975 
0.018262338171541 
0.001015076064417 
-0.046921960111877 
2.160295975057708 
2.235932462951952 
2.173806293519748 
2.058935903002695 
1.929190696996389 
1.772316770541102 
1.578589806367183 
1.344445326986304 
1.080166429267283 
0.790559824118995 
0.481961452181696 
0.161922348182537 
-0.161922348182771 
-0.481961452181389 
-0.790559824123306 
-1.080166429259262 
-1.344445326943279 
-1.578589806195953 
-1.772316770082667 
-1.929190696461126 
-2.058935902569301 
-2.173806282679681 
-2.235932448396508 
-2.160295972589496 
