-0.047428023496495 
0.002609147529243 
0.025032575985791 
0.064944728459497 
0.087560587979011 
0.131965747697333 
0.184431481779237 
0.221239530772589 
0.255653045234256 
0.283879785181648 
0.301924260408063 
0.310538318845741 
0.310538318831630 
0.301924260403013 
0.283879785205082 
0.255653045216395 
0.221239530693143 
0.184431481326510 
0.131965746531585 
0.087560587174653 
0.064944729819922 
0.025032570379570 
0.002609138881795 
-0.047428024712193 
2.156978403070145 
2.223256447250977 
2.168943964025012 
2.060369877061536 
1.935607734839404 
1.777737217178058 
1.581828713633336 
1.346516989508456 
1.080929731011494 
0.790578325987896 
0.481769783901854 
0.161825942607055 
-0.161825942607115 
-0.481769783901984 
-0.790578325991851 
-1.080929731011649 
-1.346516989496842 
-1.581828713534407 
-1.777737216864858 
-1.935607734665993 
-2.060369877141488 
-2.168943956844023 
-2.223256437750346 
-2.156978401520630 
