-0.047340955614318 
0.001825626550664 
0.022156233690667 
0.061597957947321 
0.081936983012059 
0.126844376290659 
0.180272339777125 
0.218665571739244 
0.255569200712207 
0.285993404804577 
0.305748630445928 
0.315317637979981 
0.315317637965728 
0.305748630440046 
0.285993404826370 
0.255569200671163 
0.218665571601599 
0.180272339252955 
0.126844375044348 
0.081936981828746 
0.061597958992033 
0.022156228063884 
0.001825617622295 
-0.047340956881190 
2.157739319357471 
2.226022812987719 
2.169561744882186 
2.059555756693147 
1.933963788757297 
1.776370670509908 
1.580978817621031 
1.346097081423903 
1.080907544117180 
0.790731579498846 
0.481927286964350 
0.161889092099190 
-0.161889092099337 
-0.481927286964304 
-0.790731579502854 
-1.080907544114970 
-1.346097081402542 
-1.580978817505724 
-1.776370670173153 
-1.933963788468568 
-2.059555756573877 
-2.169561736959506 
-2.226022802450505 
-2.157739317608248 
