-0.080592406327538 
-0.002031874981064 
0.074869856124473 
0.154597715503801 
0.226271067796363 
0.289831030385537 
0.351350236871990 
0.405536756761566 
0.453441696801929 
0.491663388238326 
0.518563204997366 
0.531425214556432 
0.531425232999557 
0.518563220639421 
0.491663374273764 
0.453441687225108 
0.405536762401011 
0.351350239142129 
0.289831028704307 
0.226271067678738 
0.154597713734594 
0.074869856545214 
-0.002031876244062 
-0.080592406386880 
0.829804214745995 
0.871083658899752 
0.852369375338333 
0.799376163970675 
0.744387976595628 
0.676850223671562 
0.599524618437205 
0.510070631079380 
0.409983141109012 
0.300680274892318 
0.183590058086309 
0.061781742727626 
-0.061781745390020 
-0.183590058772280 
-0.300680269931497 
-0.409983138745615 
-0.510070634423602 
-0.599524620099650 
-0.676850221522160 
-0.744387976051580 
-0.799376163546963 
-0.852369373032657 
-0.871083655288554 
-0.829804214645700 
