-0.080587250759550 
-0.002111741540105 
0.074567227362140 
0.154886719104468 
0.226165049701812 
0.289877688290211 
0.351194383169712 
0.405602775719917 
0.453612322119697 
0.491334233510567 
0.518098891182238 
0.531769910392176 
0.531769909017709 
0.518098890600414 
0.491334234770984 
0.453612320963768 
0.405602774463620 
0.351194382598994 
0.289877688067990 
0.226165049975329 
0.154886717392333 
0.074567227777436 
-0.002111742802762 
-0.080587250818255 
0.829907242520750 
0.871407997357794 
0.851992221455364 
0.799608978926756 
0.744368914770992 
0.676829308480973 
0.599462830946301 
0.510054464958208 
0.410081367365669 
0.300608774853868 
0.183490343635928 
0.061750382093426 
-0.061750381920766 
-0.183490343554210 
-0.300608775160559 
-0.410081367048567 
-0.510054464284314 
-0.599462831275456 
-0.676829307612778 
-0.744368914565668 
-0.799608978553762 
-0.851992219129108 
-0.871407993763076 
-0.829907242420660 
