-0.080673551901928 
-0.002194142637087 
0.077140323502695 
0.156983261393687 
0.226149978320603 
0.291729409267806 
0.351396605047946 
0.406520076277887 
0.453969468790974 
0.491991187215272 
0.518437118613228 
0.532001835309648 
0.532001837470655 
0.518437127153211 
0.491991192269312 
0.453969463790005 
0.406520074476308 
0.351396605066332 
0.291729408013063 
0.226149978109361 
0.156983259673977 
0.077140323804963 
-0.002194143455802 
-0.080673551950802 
0.828716752910266 
0.865325260433491 
0.851593500549521 
0.803058578759780 
0.744289408145718 
0.678364079307916 
0.599707806566512 
0.510471932474161 
0.410262825018346 
0.300733861951707 
0.183567159820765 
0.061738246627796 
-0.061738247405953 
-0.183567161352309 
-0.300733862461507 
-0.410262822928580 
-0.510471931919267 
-0.599707806752245 
-0.678364077894455 
-0.744289407474862 
-0.803058577758423 
-0.851593498923363 
-0.865325257636336 
-0.828716752729584 
