-0.080645030855481 
-0.002037562371008 
0.076551835074267 
0.155558903185527 
0.226118886161046 
0.290759558531150 
0.351218225469830 
0.406408786743660 
0.453762737234634 
0.491947634082494 
0.518508548907229 
0.532251684991263 
0.532251685374114 
0.518508547754761 
0.491947632913551 
0.453762738602128 
0.406408787744361 
0.351218225437494 
0.290759557964306 
0.226118885315808 
0.155558900944672 
0.076551835534420 
-0.002037563263414 
-0.080645030905381 
0.829065559658792 
0.867420759979402 
0.852474578375542 
0.801254579254482 
0.744143121411789 
0.677673775529486 
0.599451065428693 
0.510487931723675 
0.410163723193656 
0.300752898633029 
0.183579622657599 
0.061757272298476 
-0.061757272514629 
-0.183579622149331 
-0.300752898324066 
-0.410163724063218 
-0.510487932150469 
-0.599451065818858 
-0.677673774483985 
-0.744143119902429 
-0.801254578007006 
-0.852474576873740 
-0.867420757017038 
-0.829065559503583 
