-0.080738824795157 
-0.003141311213449 
0.075257017902987 
0.158900069018898 
0.228790404588904 
0.294831147578120 
0.354643826061313 
0.409050716490070 
0.455305175625748 
0.492250775416984 
0.517878443739355 
0.531079775962657 
0.531079775709074 
0.517878443203896 
0.492250774891858 
0.455305175187919 
0.409050715911208 
0.354643825464359 
0.294831146900762 
0.228790404000832 
0.158900068326467 
0.075257017554016 
-0.003141311402456 
-0.080738824820884 
0.828141336742297 
0.860422403392142 
0.844035757181613 
0.803930288865740 
0.747595346708803 
0.680841784252210 
0.602061429691843 
0.511831539779842 
0.410908946313531 
0.300835616739405 
0.183521071794217 
0.061682075201444 
-0.061682075661613 
-0.183521071435098 
-0.300835616275119 
-0.410908946389037 
-0.511831539552303 
-0.602061429175098 
-0.680841783752617 
-0.747595345923432 
-0.803930288037101 
-0.844035755933975 
-0.860422401901863 
-0.828141336452655 
