-0.080539587550038 
-0.002520583904442 
0.072411583987029 
0.155823481980463 
0.225224594548132 
0.289863389752277 
0.350551950952471 
0.405288384626483 
0.453272045899420 
0.490881548337330 
0.517729868189716 
0.531647001858682 
0.531646995351127 
0.517729862607335 
0.490881554368270 
0.453272048569751 
0.405288381311311 
0.350551947758971 
0.289863388948389 
0.225224595099860 
0.155823481083164 
0.072411584666116 
-0.002520585580157 
-0.080539587619446 
0.830743914215157 
0.874604181114870 
0.850232993144297 
0.799983653084061 
0.743839325615926 
0.676453444031595 
0.599259213822575 
0.509711658553401 
0.410042374769478 
0.300406186179558 
0.183459239619135 
0.061689820670441 
-0.061689819672272 
-0.183459239237122 
-0.300406188304646 
-0.410042375612544 
-0.509711656443918 
-0.599259212756936 
-0.676453442575245 
-0.743839325991048 
-0.799983653906673 
-0.850232990225029 
-0.874604176877459 
-0.830743914176233 
