-0.048373546977842 
0.000530783404748 
0.018638928253769 
0.061609264128760 
0.065353915627639 
0.113937580453193 
0.170733851733623 
0.208536629475109 
0.253651178839542 
0.292760018465536 
0.317946608164975 
0.330201039579694 
0.330201039620312 
0.317946608148289 
0.292760018585697 
0.253651178910943 
0.208536629718000 
0.170733852117076 
0.113937580726503 
0.065353915555574 
0.061609262944917 
0.018638932191156 
0.000530788794064 
-0.048373546337731 
2.031473635824191 
2.112440670455273 
2.049547571673975 
1.932620175187529 
1.806052146986484 
1.660628997580077 
1.480113925346019 
1.259935971616171 
1.012565542342003 
0.741406795001241 
0.452099007614011 
0.151905775789254 
-0.151905775790650 
-0.452099007613035 
-0.741406795016329 
-1.012565542353726 
-1.259935971669933 
-1.480113925426658 
-1.660628997685210 
-1.806052146952981 
-1.932620174863328 
-2.049547574572075 
-2.112440673627967 
-2.031473636146979 
