-0.049590065801274 
0.002349467168428 
0.024369961400824 
0.066559334720522 
0.112607179912509 
0.154337443862075 
0.201497286842770 
0.242586584100982 
0.276768365177921 
0.302937073760215 
0.320260124344754 
0.328852628547197 
0.328852628548986 
0.320260124347059 
0.302937073777446 
0.276768365220304 
0.242586584176742 
0.201497286972857 
0.154337444066826 
0.112607180036187 
0.066559334478309 
0.024369961438549 
0.002349467559435 
-0.049590065741447 
2.023866765816344 
2.082725881210107 
2.035236581524003 
1.932384928538627 
1.821610773994649 
1.672736825473262 
1.486583961911962 
1.265561097793228 
1.015546310744946 
0.742397871289071 
0.452309541721618 
0.151921071494865 
-0.151921071495267 
-0.452309541722058 
-0.742397871292789 
-1.015546310751766 
-1.265561097807303 
-1.486583961942934 
-1.672736825533388 
-1.821610774029604 
-1.932384928461410 
-2.035236581816248 
-2.082725881723413 
-2.023866765903851 
