-0.048365718712010 
0.000783232025740 
0.020058694104394 
0.062650834328787 
0.062363863947340 
0.112079877525308 
0.171123108744160 
0.208019767593369 
0.253339808497264 
0.293447043567297 
0.318893684142091 
0.331095276145258 
0.331095276187257 
0.318893684118738 
0.293447043685461 
0.253339808566083 
0.208019767894480 
0.171123109391088 
0.112079878317047 
0.062363864241059 
0.062650832143782 
0.020058693646431 
0.000783234372031 
-0.048365718336957 
2.031467462741284 
2.112512030410906 
2.050015417597850 
1.933009947011183 
1.805295275178341 
1.660117582501139 
1.480230838188649 
1.259893995507400 
1.012549962363416 
0.741518336150264 
0.452191029910857 
0.151935064947644 
-0.151935064948748 
-0.452191029909561 
-0.741518336164366 
-1.012549962375018 
-1.259893995574443 
-1.480230838337223 
-1.660117582737858 
-1.805295275218959 
-1.933009946262969 
-2.050015419228080 
-2.112512033644438 
-2.031467463305722 
