-0.061318744363773 
0.000539274018082 
0.022426954481966 
0.073396791263674 
0.134365244117549 
0.174479485258881 
0.229358003643557 
0.282092005452646 
0.326685267369881 
0.367801591653119 
0.397243753853772 
0.411067014500385 
0.411067014502200 
0.397243753887747 
0.367801591713578 
0.326685267363812 
0.282092005529350 
0.229358003569156 
0.174479485134421 
0.134365243967769 
0.073396791280762 
0.022426955018919 
0.000539274502114 
-0.061318744293004 
1.360597252571929 
1.440532265144989 
1.413747550222147 
1.295966280134750 
1.207794540565084 
1.100907280391287 
0.980234179720815 
0.837809274602422 
0.673411430616616 
0.493490066235892 
0.301218917808966 
0.101214324053523 
-0.101214324058474 
-0.301218917813790 
-0.493490066244876 
-0.673411430624778 
-0.837809274613658 
-0.980234179700487 
-1.100907280363015 
-1.207794540479931 
-1.295966279637273 
-1.413747540634984 
-1.440532246867474 
-1.360597248061552 
