-0.057868274668284 
0.001665772256976 
0.022340310758807 
0.069996587932667 
0.128190457327170 
0.165898159922403 
0.217161097156619 
0.267532078427382 
0.310957798366085 
0.347937321338990 
0.374744884488299 
0.388138009520073 
0.388138009320064 
0.374744884834741 
0.347937322041056 
0.310957799231716 
0.267532080084946 
0.217161099229069 
0.165898164364634 
0.128190463602644 
0.069996591100359 
0.022340311598025 
0.001665772488025 
-0.057868274518697 
1.517285768577962 
1.590495061781692 
1.558861661697741 
1.447010960393533 
1.351160260892220 
1.235931509892706 
1.100716959504682 
0.939434410022665 
0.754770294396311 
0.552311724153446 
0.336791228062446 
0.113161544391608 
-0.113161544418235 
-0.336791228047989 
-0.552311724312053 
-0.754770294622356 
-0.939434410402685 
-1.100716960279280 
-1.235931511850641 
-1.351160263667879 
-1.447010961954066 
-1.558861663277327 
-1.590495063422307 
-1.517285768911432 
