-0.051444737802054 
-0.000189774615082 
0.049773828962225 
0.097787688183318 
0.145358865555960 
0.191606222772460 
0.234506189532894 
0.272457796667982 
0.304248695889203 
0.328931783109682 
0.345791428431535 
0.354343620877303 
0.354343620877530 
0.345791428431542 
0.328931783109711 
0.304248695889544 
0.272457796668235 
0.234506189532810 
0.191606222772534 
0.145358865556011 
0.097787688184020 
0.049773828961883 
-0.000189774614924 
-0.051444737802014 
2.014799863667594 
2.037495315836292 
2.013691162586013 
1.944917779983573 
1.834059831482204 
1.682661189935138 
1.493483750574776 
1.270674144510848 
1.019248565493412 
0.744876283273438 
0.453738385033286 
0.152389217561847 
-0.152389217561848 
-0.453738385033293 
-0.744876283273431 
-1.019248565493459 
-1.270674144510876 
-1.493483750574746 
-1.682661189935171 
-1.834059831482291 
-1.944917779983786 
-2.013691162586051 
-2.037495315836833 
-2.014799863667665 
-0.051100646219991 
0.003000183264683 
0.052140017023432 
0.089530008120883 
0.131740865989997 
0.180212367566480 
0.227338952900202 
0.268829982709417 
0.302748776345628 
0.328315399697009 
0.345324700994780 
0.353800958990590 
0.353800958990225 
0.345324700993215 
0.328315399697633 
0.302748776353726 
0.268829982716812 
0.227338952901624 
0.180212367571596 
0.131740865996412 
0.089530008136954 
0.052140017030376 
0.003000183267989 
-0.051100646219596 
2.015861343371248 
2.044948893787058 
2.020865547200215 
1.942256504897511 
1.829042131737838 
1.679440670143944 
1.491928682974610 
1.270061907273958 
1.019049794757271 
0.744814684686073 
0.453712196701336 
0.152380047571374 
-0.152380047571325 
-0.453712196701328 
-0.744814684686142 
-1.019049794758299 
-1.270061907274894 
-1.491928682974867 
-1.679440670145420 
-1.829042131741089 
-1.942256504906186 
-2.020865547208238 
-2.044948893792965 
-2.015861343371846 
-0.050566382433245 
0.007433680030091 
0.053868471466069 
0.077669868068669 
0.115857297365087 
0.167218829500178 
0.218028082214880 
0.262645477052470 
0.298590035736896 
0.325028961458210 
0.342167060670884 
0.350544194737994 
0.350544194736064 
0.342167060668234 
0.325028961459743 
0.298590035754134 
0.262645477067000 
0.218028082220654 
0.167218829514416 
0.115857297379811 
0.077669868104876 
0.053868471488366 
0.007433680037202 
-0.050566382432591 
2.017553083362853 
2.056142769387495 
2.030196312070119 
1.938039744493603 
1.823105333030773 
1.675798764591719 
1.489913692511313 
1.268990186714054 
1.018479743259412 
0.744492827496699 
0.453533739632417 
0.152320882374173 
-0.152320882374051 
-0.453533739632437 
-0.744492827497009 
-1.018479743261657 
-1.268990186715828 
-1.489913692512678 
-1.675798764595670 
-1.823105333037869 
-1.938039744513811 
-2.030196312090603 
-2.056142769399462 
-2.017553083364055 
-0.050323058524980 
0.007047878082744 
0.045889285590891 
0.070458651640836 
0.115803714854117 
0.166592007997031 
0.214491663742239 
0.258199440452150 
0.294999958101653 
0.322852152487781 
0.341219442469883 
0.350284059055220 
0.350284059052418 
0.341219442469734 
0.322852152489955 
0.294999958121868 
0.258199440474075 
0.214491663756605 
0.166592008025141 
0.115803714874674 
0.070458651682675 
0.045889285618860 
0.007047878076806 
-0.050323058525966 
2.018762771950642 
2.061921482011745 
2.030935836483423 
1.934744312074888 
1.822699314569336 
1.675820785510835 
1.489254463297329 
1.268200605953074 
1.017953872926417 
0.744241800308737 
0.453446817672982 
0.152303417366573 
-0.152303417366516 
-0.453446817673006 
-0.744241800309376 
-1.017953872929362 
-1.268200605955583 
-1.489254463301527 
-1.675820785517836 
-1.822699314579127 
-1.934744312094946 
-2.030935836488770 
-2.061921482008996 
-2.018762771950695 
-0.049862945939567 
0.003039233374570 
0.023577680665292 
0.059321133137843 
0.116814067070926 
0.160599626940162 
0.205801082912934 
0.251709805415230 
0.290161302253263 
0.318687507439939 
0.337564104212849 
0.347003809523618 
0.347003809525230 
0.337564104228268 
0.318687507450685 
0.290161302288466 
0.251709805439889 
0.205801082925781 
0.160599626983111 
0.116814067115888 
0.059321133206852 
0.023577680745636 
0.003039233408225 
-0.049862945936720 
2.021932772512979 
2.074947124433693 
2.030378168551815 
1.928997113781262 
1.822672220794743 
1.674605727810051 
1.487418502044443 
1.266944574893226 
1.017126188961307 
0.743683576586137 
0.453133355618236 
0.152205319517871 
-0.152205319518124 
-0.453133355619081 
-0.743683576588161 
-1.017126188966197 
-1.266944574896031 
-1.487418502048354 
-1.674605727821852 
-1.822672220812387 
-1.928997113813767 
-2.030378168605527 
-2.074947124476847 
-2.021932772518678 
-0.049908015725220 
0.000957697106021 
0.019808547461228 
0.060175160188293 
0.114904275193802 
0.157251199760871 
0.205310777472020 
0.251636154758857 
0.289088350465654 
0.317448871283325 
0.336827886020517 
0.346677264529155 
0.346677264526427 
0.336827886030841 
0.317448871287482 
0.289088350506441 
0.251636154796190 
0.205310777504027 
0.157251199823474 
0.114904275241249 
0.060175160239276 
0.019808547527015 
0.000957697143546 
-0.049908015721054 
2.022544035400217 
2.076911324569924 
2.030276284220172 
1.929267472947779 
1.822083187471335 
1.673608642433197 
1.487272275019344 
1.266946747797344 
1.016985163579458 
0.743550669356515 
0.453074377059305 
0.152192052469160 
-0.152192052469278 
-0.453074377059874 
-0.743550669358217 
-1.016985163585365 
-1.266946747802485 
-1.487272275027861 
-1.673608642450222 
-1.822083187489085 
-1.929267472972499 
-2.030276284274471 
-2.076911324629361 
-2.022544035409854 
-0.049820607568641 
0.002088993602413 
0.023342941046938 
0.065006977831152 
0.119338538362512 
0.160304920552793 
0.206003614444429 
0.249125808170181 
0.282988617375813 
0.308064597925060 
0.324987546117179 
0.333523062160215 
0.333523062156737 
0.324987546126468 
0.308064597927465 
0.282988617415072 
0.249125808205428 
0.206003614473511 
0.160304920613206 
0.119338538409742 
0.065006977882222 
0.023342941112261 
0.002088993639147 
-0.049820607564365 
2.022638568364064 
2.077710293327133 
2.032060100326580 
1.931355306112409 
1.823749346070095 
1.674542458427469 
1.487500940384562 
1.266591436291650 
1.016284406172198 
0.742798745074911 
0.452516237130011 
0.151987293648838 
-0.151987293649119 
-0.452516237130737 
-0.742798745076867 
-1.016284406178244 
-1.266591436296371 
-1.487500940392408 
-1.674542458443943 
-1.823749346087469 
-1.931355306136642 
-2.032060100382264 
-2.077710293389112 
-2.022638568374348 
-0.049810666479540 
0.002154717629606 
0.023604528072894 
0.065369709996237 
0.119356605020242 
0.160215724641373 
0.205911156342822 
0.248843349490953 
0.282491312743684 
0.307418709414612 
0.324234565928674 
0.332704713180165 
0.332704713176501 
0.324234565938137 
0.307418709416918 
0.282491312782634 
0.248843349526185 
0.205911156371739 
0.160215724701909 
0.119356605068910 
0.065369710047686 
0.023604528136300 
0.002154717664358 
-0.049810666475371 
2.022671532995384 
2.077868470046229 
2.032253324400014 
1.931524030592092 
1.823770352742399 
1.674516535809671 
1.487483716374056 
1.266551508753389 
1.016231171214391 
0.742751915197971 
0.452484898550377 
0.151976193630840 
-0.151976193631134 
-0.452484898551112 
-0.742751915199947 
-1.016231171220450 
-1.266551508758062 
-1.487483716381907 
-1.674516535826295 
-1.823770352760196 
-1.931524030616207 
-2.032253324455167 
-2.077868470108407 
-2.022671533005895 
-0.049799418063284 
0.002232320514081 
0.023893058084567 
0.065767055157501 
0.119411174159844 
0.160152065383477 
0.205816919017589 
0.248526312862759 
0.281928652240989 
0.306680717759612 
0.323368949350249 
0.331762469186699 
0.331762469183169 
0.323368949359751 
0.306680717761503 
0.281928652280152 
0.248526312897757 
0.205816919045811 
0.160152065443060 
0.119411174206986 
0.065767055208680 
0.023893058148612 
0.002232320550136 
-0.049799418059026 
2.022707046330484 
2.078041749456990 
2.032465285112824 
1.931707816602511 
1.823804623595300 
1.674498444589795 
1.487467035387397 
1.266506876991772 
1.016171119855625 
0.742698512774188 
0.452448879464839 
0.151963403370990 
-0.151963403371290 
-0.452448879465604 
-0.742698512776155 
-1.016171119861724 
-1.266506876996440 
-1.487467035395056 
-1.674498444606061 
-1.823804623612701 
-1.931707816626707 
-2.032465285168874 
-2.078041749520456 
-2.022707046341167 
