-0.046816815374931 
-0.003435855800714 
0.030929030393529 
0.065752395141596 
0.112210730973567 
0.165356682820661 
0.218918965394891 
0.269014080187045 
0.312749180431006 
0.347763532281167 
0.372195369106969 
0.384745767587338 
0.384745767587608 
0.372195369107189 
0.347763532281210 
0.312749180432053 
0.269014080186307 
0.218918965394707 
0.165356682820914 
0.112210730972936 
0.065752395142411 
0.030929030390340 
-0.003435855798706 
-0.046816815374559 
2.448539451177611 
2.473327891778581 
2.438715541531141 
2.354830052563485 
2.224053796569456 
2.043471295911238 
1.815762352377201 
1.546196326507180 
1.241061976211428 
0.907410547987755 
0.552917958436325 
0.185727697982427 
-0.185727697982417 
-0.552917958436356 
-0.907410547987745 
-1.241061976211488 
-1.546196326507144 
-1.815762352377123 
-2.043471295911280 
-2.224053796569518 
-2.354830052562926 
-2.438715541532168 
-2.473327891782501 
-2.448539451178088 
-0.046854938604058 
-0.004510391643123 
0.026642973740836 
0.060132431963556 
0.107844827686147 
0.162947566391720 
0.219148772968617 
0.272260695554072 
0.318873282087271 
0.356266231306739 
0.382373449829539 
0.395785962714946 
0.395785962713354 
0.382373449829617 
0.356266231308149 
0.318873282087880 
0.272260695555506 
0.219148772969571 
0.162947566390268 
0.107844827688769 
0.060132431971740 
0.026642973740118 
-0.004510391654802 
-0.046854938604874 
2.448554938541561 
2.472878203729764 
2.436688575677945 
2.352554903604285 
2.222568306504362 
2.042747388056264 
1.815757356812569 
1.546731272752879 
1.241862294327517 
0.908203824165808 
0.553486484771288 
0.185933002673185 
-0.185933002673210 
-0.553486484771129 
-0.908203824166069 
-1.241862294327585 
-1.546731272752963 
-1.815757356812973 
-2.042747388055773 
-2.222568306505519 
-2.352554903606384 
-2.436688575672211 
-2.472878203724881 
-2.448554938541866 
-0.046470088559212 
-0.000362281169591 
0.039137601246593 
0.082192849529669 
0.135471103622092 
0.187373358324526 
0.231321595380212 
0.265159064549137 
0.288941775234906 
0.304143149713421 
0.312763376472125 
0.316566949093194 
0.316566949088216 
0.312763376472143 
0.304143149716716 
0.288941775238971 
0.265159064558741 
0.231321595384803 
0.187373358323352 
0.135471103630403 
0.082192849547998 
0.039137601264803 
-0.000362281186085 
-0.046470088559672 
2.449092516032602 
2.476840372245972 
2.443875827451725 
2.361129138477552 
2.231585777473329 
2.049622439708250 
1.818844750525234 
1.545973978728361 
1.238388431321007 
0.903780040400215 
0.549931035346821 
0.184584465412358 
-0.184584465412402 
-0.549931035346460 
-0.903780040401076 
-1.238388431321652 
-1.545973978729470 
-1.818844750526848 
-2.049622439707358 
-2.231585777476171 
-2.361129138484690 
-2.443875827453902 
-2.476840372245616 
-2.449092516035101 
-0.046460935549141 
-0.000870333434818 
0.035358666949572 
0.074059688658704 
0.125525717507073 
0.179066113545535 
0.228018152324706 
0.268814367666694 
0.299925883339291 
0.321632151762538 
0.335073998969545 
0.341436716433196 
0.341436716428791 
0.335073998969526 
0.321632151765268 
0.299925883343892 
0.268814367676312 
0.228018152330545 
0.179066113547469 
0.125525717518227 
0.074059688677503 
0.035358666966840 
-0.000870333449268 
-0.046460935549476 
2.449211331613297 
2.477110101423953 
2.442320554101561 
2.357721791600732 
2.228268086645581 
2.047427021868062 
1.818047697059219 
1.546236207661781 
1.239183337948737 
0.904654653065513 
0.550572855754422 
0.184817199403622 
-0.184817199403699 
-0.550572855754002 
-0.904654653066209 
-1.239183337949330 
-1.546236207662867 
-1.818047697060970 
-2.047427021868196 
-2.228268086649627 
-2.357721791608100 
-2.442320554104548 
-2.477110101424935 
-2.449211331615757 
-0.046338401647871 
-0.000234181368587 
0.035054727796267 
0.072468569344873 
0.123597701653073 
0.176792308125525 
0.225875085842612 
0.267205908789190 
0.298993055562757 
0.321371966826317 
0.335364966798611 
0.342041113905793 
0.342041113900567 
0.335364966799106 
0.321371966829952 
0.298993055568460 
0.267205908800027 
0.225875085848965 
0.176792308129455 
0.123597701664594 
0.072468569361856 
0.035054727813942 
-0.000234181383535 
-0.046338401648285 
2.449531886118717 
2.478755895839694 
2.443136804983901 
2.357137515816086 
2.227639716111844 
2.046860004050024 
1.817644022943174 
1.546017129630908 
1.239095468498376 
0.904638269660685 
0.550581895433442 
0.184823373668523 
-0.184823373668598 
-0.550581895433033 
-0.904638269661448 
-1.239095468499091 
-1.546017129632071 
-1.817644022945116 
-2.046860004050670 
-2.227639716115926 
-2.357137515822779 
-2.443136804987081 
-2.478755895840675 
-2.449531886121223 
-0.045658131706085 
0.002297768396771 
0.030402147659632 
0.063522835941471 
0.115661140659232 
0.167385985669674 
0.216864226970274 
0.259966928239500 
0.293742478030698 
0.318048411922436 
0.333636263972775 
0.341228050785304 
0.341228050778213 
0.333636263971799 
0.318048411921282 
0.293742478043874 
0.259966928251449 
0.216864226977868 
0.167385985680456 
0.115661140652449 
0.063522835954309 
0.030402147694906 
0.002297768420155 
-0.045658131701919 
2.451500177713151 
2.488045507815626 
2.446289103617141 
2.353620782028463 
2.225054327442598 
2.044550174987814 
1.815949365836285 
1.545006491140676 
1.238554699115773 
0.904381598184477 
0.550479896658728 
0.184798076410058 
-0.184798076410048 
-0.550479896658382 
-0.904381598185064 
-1.238554699117067 
-1.545006491142284 
-1.815949365838120 
-2.044550174990016 
-2.225054327440232 
-2.353620782036439 
-2.446289103653516 
-2.488045507854162 
-2.451500177719395 
-0.045474270593955 
0.000349833568059 
0.022225488382648 
0.060185330452036 
0.114535834290839 
0.164440566903077 
0.214601499105548 
0.258337431172516 
0.292182212557057 
0.316482353695356 
0.332051441612931 
0.339611962809413 
0.339611962805584 
0.332051441618000 
0.316482353697425 
0.292182212581730 
0.258337431179106 
0.214601499108088 
0.164440566943293 
0.114535834311664 
0.060185330468193 
0.022225488412886 
0.000349833649975 
-0.045474270582239 
2.452755035305828 
2.492412512804764 
2.445480944133117 
2.352047622059580 
2.224732201609720 
2.043836966791467 
1.815516668031979 
1.544778257155847 
1.238373785680917 
0.904234201147762 
0.550380737159066 
0.184762647917122 
-0.184762647916990 
-0.550380737159357 
-0.904234201148269 
-1.238373785683063 
-1.544778257157206 
-1.815516668032413 
-2.043836966802061 
-2.224732201615356 
-2.352047622074283 
-2.445480944197609 
-2.492412512886010 
-2.452755035316017 
-0.045227244409614 
0.003144777659232 
0.031621668864184 
0.075212864400697 
0.129025876290995 
0.174143846239825 
0.215745406508552 
0.247823135701894 
0.269452135785603 
0.283225296566811 
0.291221843490667 
0.294838863544253 
0.294838863535897 
0.291221843493281 
0.283225296566232 
0.269452135806759 
0.247823135711988 
0.215745406512014 
0.174143846277336 
0.129025876328997 
0.075212864435350 
0.031621668879992 
0.003144777703683 
-0.045227244401015 
2.453128476077756 
2.494928125756528 
2.450369926816523 
2.358079224132508 
2.229647846921481 
2.046503819912771 
1.816022269484340 
1.543638563226312 
1.236469520768315 
0.902377737394383 
0.549092239095730 
0.184306802933110 
-0.184306802933171 
-0.549092239096130 
-0.902377737395467 
-1.236469520770619 
-1.543638563227383 
-1.816022269485328 
-2.046503819923186 
-2.229647846932314 
-2.358079224149519 
-2.450369926871895 
-2.494928125832398 
-2.453128476090193 
-0.045242728806350 
0.002506114315113 
0.028508774544680 
0.069388086999696 
0.122148126307480 
0.168941500763142 
0.214375617479271 
0.251262999503245 
0.277867656523397 
0.295963838998503 
0.307061414688515 
0.312282890817778 
0.312282890810285 
0.307061414692297 
0.295963838998114 
0.277867656545959 
0.251262999515517 
0.214375617487488 
0.168941500808544 
0.122148126350889 
0.069388087035899 
0.028508774562736 
0.002506114365299 
-0.045242728797234 
2.453194927426121 
2.494939550127140 
2.449115105309212 
2.355755089728144 
2.227437860365618 
2.045203594027329 
1.815682519017443 
1.543919523224210 
1.237005609748086 
0.902897444208278 
0.549445792740648 
0.184430162462055 
-0.184430162462119 
-0.549445792740957 
-0.902897444209119 
-1.237005609750374 
-1.543919523225655 
-1.815682519019254 
-2.045203594039706 
-2.227437860378177 
-2.355755089746578 
-2.449115105366919 
-2.494939550205102 
-2.453194927438480 
-0.045173406146288 
0.002769804635773 
0.028533302914111 
0.068987326752768 
0.120709597688001 
0.167158467014802 
0.212785261814312 
0.249856982373640 
0.276873410915367 
0.295521375190014 
0.307078346168912 
0.312549349568006 
0.312549349559833 
0.307078346173411 
0.295521375189559 
0.276873410937807 
0.249856982389387 
0.212785261824163 
0.167158467057715 
0.120709597731914 
0.068987326794540 
0.028533302932778 
0.002769804677977 
-0.045173406138066 
2.453419289501703 
2.495944001300275 
2.449662424746347 
2.355659388587190 
2.227027127253265 
2.044788119519404 
1.815415256799088 
1.543753661258003 
1.236922260245605 
0.902869139543485 
0.549441288612682 
0.184430596952758 
-0.184430596952841 
-0.549441288612957 
-0.902869139544367 
-1.236922260247970 
-1.543753661259730 
-1.815415256801340 
-2.044788119531241 
-2.227027127266194 
-2.355659388607638 
-2.449662424804094 
-2.495944001377393 
-2.453419289514617 
-0.044845521001998 
0.002629591311539 
0.024514754566192 
0.064856716085150 
0.114018265360645 
0.160454357065245 
0.207286559201818 
0.244525648935543 
0.272729210615213 
0.293054533116492 
0.305798059033827 
0.311832468680146 
0.311832468684504 
0.305798059050592 
0.293054533113825 
0.272729210645577 
0.244525648958589 
0.207286559212575 
0.160454357074445 
0.114018265337961 
0.064856716120085 
0.024514754629107 
0.002629591428235 
-0.044845520984641 
2.454887214697171 
2.501740408820893 
2.451151182676258 
2.354202035682308 
2.225081516034942 
2.043198554089305 
1.814493159060568 
1.543117432190035 
1.236558325122880 
0.902710710250061 
0.549383411803008 
0.184416509747674 
-0.184416509747843 
-0.549383411803862 
-0.902710710250535 
-1.236558325125885 
-1.543117432193633 
-1.814493159061132 
-2.043198554091874 
-2.225081516028805 
-2.354202035708154 
-2.451151182791197 
-2.501740408968130 
-2.454887214719321 
-0.044851896821220 
0.000200714488030 
0.019250202110926 
0.063688730341105 
0.112246424405060 
0.158417356741863 
0.205627870129212 
0.242868410417279 
0.271627213033787 
0.292260851713168 
0.304942642355139 
0.310916384403276 
0.310916384403032 
0.304942642354241 
0.292260851687661 
0.271627213053886 
0.242868410419903 
0.205627870149937 
0.158417356827257 
0.112246424495275 
0.063688730434094 
0.019250202100613 
0.000200714583878 
-0.044851896805387 
2.455740031108730 
2.504234719871929 
2.450577343455612 
2.353714245889493 
2.224604058932573 
2.042703313231367 
1.814225211501495 
1.542918225334045 
1.236456866895692 
0.902660430821846 
0.549351560902585 
0.184404918663226 
-0.184404918663179 
-0.549351560903140 
-0.902660430821027 
-1.236456866897812 
-1.542918225335975 
-1.814225211504325 
-2.042703313253796 
-2.224604058962151 
-2.353714245935222 
-2.450577343549567 
-2.504234720022173 
-2.455740031132450 
-0.044782812866602 
0.000864071789910 
0.022138470247136 
0.068647930595663 
0.116691088896350 
0.161509977619561 
0.205816519820558 
0.239024205294183 
0.263730677604501 
0.280841356993096 
0.291000927510695 
0.295715886513687 
0.295715886508477 
0.291000927520593 
0.280841356988167 
0.263730677633133 
0.239024205318175 
0.205816519845989 
0.161509977675898 
0.116691088977846 
0.068647930684392 
0.022138470230035 
0.000864071819115 
-0.044782812855025 
2.455906576640465 
2.505117187142244 
2.452130683259350 
2.355653670967209 
2.226012587008370 
2.043479623097221 
1.814360816822534 
1.542556753990857 
1.235893334690320 
0.902126757522511 
0.548990164484232 
0.184279487537914 
-0.184279487537952 
-0.548990164484500 
-0.902126757523293 
-1.235893334693757 
-1.542556753993672 
-1.814360816827977 
-2.043479623112328 
-2.226012587031902 
-2.355653671012154 
-2.452130683358896 
-2.505117187291953 
-2.455906576670249 
-0.044795197279811 
0.000543953625189 
0.020829364785977 
0.066387460681775 
0.114183404643803 
0.159717590383098 
0.205406370460032 
0.240405383128771 
0.266974056248941 
0.285672346257003 
0.296972008044992 
0.302283939920953 
0.302283939916119 
0.296972008053161 
0.285672346249218 
0.266974056276774 
0.240405383150478 
0.205406370486222 
0.159717590442176 
0.114183404719897 
0.066387460768079 
0.020829364773012 
0.000543953664755 
-0.044795197267665 
2.455926454119159 
2.505070080566511 
2.451602866688178 
2.354793050240111 
2.225240890651782 
2.043041340287556 
1.814250415766926 
1.542669497003019 
1.236102732489424 
0.902329766027578 
0.549127681821190 
0.184327252879433 
-0.184327252879440 
-0.549127681821473 
-0.902329766028065 
-1.236102732492639 
-1.542669497005762 
-1.814250415772299 
-2.043041340303354 
-2.225240890674077 
-2.354793050284338 
-2.451602866788288 
-2.505070080716553 
-2.455926454148051 
-0.044772999327842 
0.000660196242057 
0.021218996853417 
0.066962896978929 
0.114464558020690 
0.159801489676947 
0.205085842175975 
0.239563745156174 
0.265686136492360 
0.284007104831087 
0.295048636671783 
0.300247191833828 
0.300247191829117 
0.295048636680996 
0.284007104824237 
0.265686136521774 
0.239563745179286 
0.205085842202669 
0.159801489732089 
0.114464558089398 
0.066962897064931 
0.021218996847522 
0.000660196284773 
-0.044772999315446 
2.455997347670119 
2.505385819092556 
2.451917806182209 
2.355035841041146 
2.225337962654609 
2.043067990337963 
1.814213416557767 
1.542586907324706 
1.236014979933170 
0.902257887949220 
0.549082264634203 
0.184312006021601 
-0.184312006021622 
-0.549082264634524 
-0.902257887949785 
-1.236014979936559 
-1.542586907327605 
-1.814213416563172 
-2.043067990352673 
-2.225337962674675 
-2.355035841085973 
-2.451917806286001 
-2.505385819244169 
-2.455997347699089 
-0.044761203663693 
0.000627881677367 
0.021119795057694 
0.066828074139343 
0.114076496649697 
0.159474928616409 
0.204791342155154 
0.239295575219342 
0.265515879921177 
0.283911794289350 
0.295012986100079 
0.300260336412204 
0.300260336407858 
0.295012986109752 
0.283911794282913 
0.265515879952233 
0.239295575242964 
0.204791342181826 
0.159474928669027 
0.114076496711907 
0.066828074223966 
0.021119795056478 
0.000627881725438 
-0.044761203650751 
2.456061538244676 
2.505619468010856 
2.452003998605455 
2.355001791143131 
2.225225900504144 
2.042991018489881 
1.814166713823931 
1.542555854931796 
1.236001099367836 
0.902252853791510 
0.549080824277152 
0.184311852223184 
-0.184311852223203 
-0.549080824277502 
-0.902252853792091 
-1.236001099371338 
-1.542555854934806 
-1.814166713829197 
-2.042991018503933 
-2.225225900522348 
-2.355001791188040 
-2.452003998713189 
-2.505619468166884 
-2.456061538274235 
-0.044736049489993 
0.000770561188033 
0.021556405319542 
0.067464624049925 
0.114445005916617 
0.159606731297994 
0.204443213940978 
0.238356610913088 
0.264064860679723 
0.282025807455197 
0.292826400591759 
0.297937324584496 
0.297937324579368 
0.292826400602317 
0.282025807449856 
0.264064860710566 
0.238356610937212 
0.204443213967497 
0.159606731348023 
0.114445005976536 
0.067464624133956 
0.021556405320191 
0.000770561230883 
-0.044736049477473 
2.456137260985959 
2.505964282000753 
2.452351150823648 
2.355266954379904 
2.225348495443911 
2.043030602122625 
1.814127885308790 
1.542465169641750 
1.235903840708760 
0.902172806290411 
0.549030081223928 
0.184294759557543 
-0.184294759557588 
-0.549030081224282 
-0.902172806291113 
-1.235903840712318 
-1.542465169644683 
-1.814127885314271 
-2.043030602135974 
-2.225348495461144 
-2.355266954424925 
-2.452351150934495 
-2.505964282159907 
-2.456137261016766 
-0.044722700272339 
0.000745486647808 
0.021442517566457 
0.067297940273105 
0.114049963742772 
0.159268972198491 
0.204126402914993 
0.238072949349700 
0.263886638554470 
0.281926044453785 
0.292787618992552 
0.297946937754041 
0.297946937750778 
0.292787619003329 
0.281926044447339 
0.263886638587956 
0.238072949372550 
0.204126402940749 
0.159268972249439 
0.114049963795253 
0.067297940357551 
0.021442517578113 
0.000745486713211 
-0.044722700257876 
2.456205277184986 
2.506215788131194 
2.452440485752867 
2.355220658633761 
2.225234334328594 
2.042952427911656 
1.814078207601511 
1.542432676482371 
1.235889534990979 
0.902167633203740 
0.549028586201843 
0.184294585044875 
-0.184294585044895 
-0.549028586202298 
-0.902167633204326 
-1.235889534994648 
-1.542432676485510 
-1.814078207606275 
-2.042952427925136 
-2.225234334344570 
-2.355220658679462 
-2.452440485871261 
-2.506215788300005 
-2.456205277216059 
-0.044682943959569 
0.000730017406215 
0.021360857575300 
0.067284571961997 
0.113484954091362 
0.158709152431472 
0.203316274885352 
0.236982700908712 
0.262707919591680 
0.280635998770566 
0.291429601638666 
0.296598809288618 
0.296598809286053 
0.291429601650378 
0.280635998762788 
0.262707919627064 
0.236982700932145 
0.203316274911649 
0.158709152485437 
0.113484954142520 
0.067284572049613 
0.021360857596860 
0.000730017483377 
-0.044682943944105 
2.456394403579524 
2.506936366341219 
2.452790079650866 
2.355259874437622 
2.225078107821953 
2.042827550376258 
1.813961117076484 
1.542318183017493 
1.235807054369856 
0.902112194847172 
0.548996638964076 
0.184284422801049 
-0.184284422801073 
-0.548996638964592 
-0.902112194847719 
-1.235807054373658 
-1.542318183020866 
-1.813961117081119 
-2.042827550390427 
-2.225078107838024 
-2.355259874485171 
-2.452790079779511 
-2.506936366523064 
-2.456394403612621 
-0.044683867945935 
0.000646073047411 
0.021124783314697 
0.067011952662632 
0.113188108515735 
0.158523864985706 
0.203263158710636 
0.237097959467566 
0.263008758153409 
0.281079849074655 
0.291973493506494 
0.297199083541385 
0.297199083538683 
0.291973493518491 
0.281079849067318 
0.263008758188833 
0.237097959491181 
0.203263158737673 
0.158523865039938 
0.113188108567113 
0.067011952750387 
0.021124783334538 
0.000646073122488 
-0.044683867930621 
2.456415591785168 
2.506985899907219 
2.452727912842432 
2.355158615060276 
2.224988019878533 
2.042782059364133 
1.813948884033686 
1.542326485314198 
1.235825671590427 
0.902130250702321 
0.549008733622726 
0.184288640999394 
-0.184288640999415 
-0.549008733623245 
-0.902130250702871 
-1.235825671594231 
-1.542326485317575 
-1.813948884038483 
-2.042782059378362 
-2.224988019894623 
-2.355158615107962 
-2.452727912970444 
-2.506985900088606 
-2.456415591818320 
-0.046803958304910 
-0.003241601315228 
0.031600735946181 
0.066740558645435 
0.113088280991430 
0.165786279359364 
0.218670569538051 
0.267965237133909 
0.310888772913065 
0.345186085709639 
0.369085118896181 
0.381352026806551 
0.381352026806806 
0.369085118896385 
0.345186085709685 
0.310888772914194 
0.267965237133256 
0.218670569537916 
0.165786279359689 
0.113088280990895 
0.066740558646409 
0.031600735943106 
-0.003241601313182 
-0.046803958304535 
2.448565503489869 
2.473571229097904 
2.439223958321301 
2.355277432770387 
2.224315299526033 
2.043572124375443 
1.815743738941493 
1.546101731806252 
1.240934206475913 
0.907288095224103 
0.552831364561966 
0.185696579601689 
-0.185696579601679 
-0.552831364561997 
-0.907288095224093 
-1.240934206475980 
-1.546101731806223 
-1.815743738941423 
-2.043572124375499 
-2.224315299526126 
-2.355277432769903 
-2.439223958322415 
-2.473571229101867 
-2.448565503490349 
-0.046720695960754 
-0.002485084473450 
0.033522211083835 
0.070296865108979 
0.117936752449533 
0.170132477391659 
0.220697813990944 
0.266296269548822 
0.304796237718628 
0.334754506719554 
0.355211994143937 
0.365580606828754 
0.365580606828875 
0.355211994143466 
0.334754506719213 
0.304796237721828 
0.266296269549705 
0.220697813991348 
0.170132477393742 
0.117936752450268 
0.070296865111457 
0.033522211083658 
-0.002485084466808 
-0.046720695959995 
2.448727344219145 
2.474615796776794 
2.440680301590557 
2.356698305290254 
2.225809972752331 
2.044709603916276 
1.816249328789213 
1.545969594711339 
1.240349585399941 
0.906543171807576 
0.552231310429585 
0.185468659035361 
-0.185468659035325 
-0.552231310429626 
-0.906543171807537 
-1.240349585400273 
-1.545969594711578 
-1.816249328789198 
-2.044709603916816 
-2.225809972752848 
-2.356698305290630 
-2.440680301595682 
-2.474615796784353 
-2.448727344219884 
-0.046670264260658 
-0.002427048302867 
0.032445294045219 
0.068788575884729 
0.117520621267117 
0.170649058832903 
0.221711736314887 
0.267294091518378 
0.305275927432818 
0.334437549609164 
0.354132094180144 
0.364042732586945 
0.364042732587117 
0.354132094179654 
0.334437549609273 
0.305275927437496 
0.267294091520889 
0.221711736315721 
0.170649058836841 
0.117520621270618 
0.068788575890662 
0.032445294048827 
-0.002427048294592 
-0.046670264259790 
2.448874390473545 
2.475237682616622 
2.440550069391619 
2.356059572050209 
2.225631230880468 
2.044817191544273 
1.816439790723981 
1.546122659221029 
1.240413844702896 
0.906532525253026 
0.552193805316277 
0.185450089429718 
-0.185450089429678 
-0.552193805316328 
-0.906532525253023 
-1.240413844703417 
-1.546122659221475 
-1.816439790724069 
-2.044817191545308 
-2.225631230881921 
-2.356059572052225 
-2.440550069399486 
-2.475237682625749 
-2.448874390474454 
-0.046439230723332 
-0.002332796445357 
0.027328196671938 
0.062402232086701 
0.115447508301942 
0.171622818530295 
0.224734817135868 
0.270899024130685 
0.307635341904184 
0.334404269327628 
0.351667016387881 
0.360085343189160 
0.360085343181328 
0.351667016384198 
0.334404269331809 
0.307635341912945 
0.270899024144249 
0.224734817145042 
0.171622818535471 
0.115447508320916 
0.062402232117075 
0.027328196677838 
-0.002332796484065 
-0.046439230726754 
2.449559540529396 
2.477997803012894 
2.439790017303458 
2.353313205147783 
2.224798737845703 
2.044991127367821 
1.816995007397850 
1.546651371754400 
1.240681897190999 
0.906548546782564 
0.552103498667700 
0.185400366012079 
-0.185400366012105 
-0.552103498667104 
-0.906548546783381 
-1.240681897192223 
-1.546651371755537 
-1.816995007400592 
-2.044991127368857 
-2.224798737852356 
-2.353313205158125 
-2.439790017285383 
-2.477997802989420 
-2.449559540529055 
-0.046265676621989 
-0.002449965088157 
0.024194825527343 
0.060421955542665 
0.114927439732537 
0.170349342139286 
0.223695648977995 
0.270451041291703 
0.307417054905778 
0.334094310389626 
0.351142578907956 
0.359401070206318 
0.359401070201643 
0.351142578907349 
0.334094310391394 
0.307417054924395 
0.270451041304152 
0.223695648987009 
0.170349342154353 
0.114927439732904 
0.060421955555278 
0.024194825556506 
-0.002449965067124 
-0.046265676619213 
2.450090755441262 
2.479983544006978 
2.439464233476270 
2.352398086843945 
2.224632299114167 
2.044655795692508 
1.816761833602270 
1.546570319686458 
1.240646796310516 
0.906510072216370 
0.552065910260923 
0.185384436375601 
-0.185384436375540 
-0.552065910260793 
-0.906510072216776 
-1.240646796312582 
-1.546570319688064 
-1.816761833604212 
-2.044655795696414 
-2.224632299113164 
-2.352398086850819 
-2.439464233492257 
-2.479983544022216 
-2.450090755443431 
-0.045981209868766 
0.000995855774158 
0.034758740548787 
0.076313291338270 
0.131176423084255 
0.181542453194267 
0.225095717042038 
0.259169948095143 
0.282918209652372 
0.298032596107425 
0.306699908302236 
0.310594427425143 
0.310594427420845 
0.306699908300676 
0.298032596105647 
0.282918209671040 
0.259169948105187 
0.225095717048495 
0.181542453211997 
0.131176423084309 
0.076313291351600 
0.034758740580228 
0.000995855804673 
-0.045981209865218 
2.450430601108822 
2.482774088538202 
2.445258492007602 
2.359075790147779 
2.230372026182633 
2.047957380473338 
1.817395093980708 
1.545242500938360 
1.238408311277090 
0.904310230206561 
0.550534517260176 
0.184842565668749 
-0.184842565668527 
-0.550534517260447 
-0.904310230207360 
-1.238408311279529 
-1.545242500939767 
-1.817395093982012 
-2.047957380478121 
-2.230372026181044 
-2.359075790154299 
-2.445258492028295 
-2.482774088560858 
-2.450430601111655 
-0.045876849384404 
0.001779801161547 
0.035671651981629 
0.076059920427893 
0.129407989204218 
0.178782157761554 
0.222215263700350 
0.256622833502139 
0.280963095952432 
0.296800500575091 
0.306117036409987 
0.310391937921407 
0.310391937917055 
0.306117036408884 
0.296800500572961 
0.280963095970731 
0.256622833511968 
0.222215263706366 
0.178782157780471 
0.129407989208146 
0.076059920444381 
0.035671652013260 
0.001779801191022 
-0.045876849380909 
2.450673540508550 
2.484169444682046 
2.446484671005077 
2.359114505460886 
2.229861831724485 
2.047335953280057 
1.816932841056028 
1.544964720054030 
1.238267053323186 
0.904251540400343 
0.550515626642011 
0.184838826058669 
-0.184838826058452 
-0.550515626642291 
-0.904251540401148 
-1.238267053325640 
-1.544964720055353 
-1.816932841057342 
-2.047335953285194 
-2.229861831724274 
-2.359114505468653 
-2.446484671026671 
-2.484169444706306 
-2.450673540511882 
-0.045307128965894 
0.005198223583376 
0.036977612615985 
0.071156339286421 
0.119097193910165 
0.165523641363036 
0.209728565819208 
0.246440920041633 
0.273956812425775 
0.293344407706906 
0.305671612506379 
0.311647456669547 
0.311647456672039 
0.305671612512718 
0.293344407705616 
0.273956812449229 
0.246440920045698 
0.209728565818271 
0.165523641387142 
0.119097193912080 
0.071156339306748 
0.036977612646739 
0.005198223647458 
-0.045307128957886 
2.452179930523585 
2.492066116306052 
2.451557910446716 
2.357650002956676 
2.226845288099851 
2.044383472621952 
1.814902614897993 
1.543768410550908 
1.237641999937845 
0.903969637677786 
0.550408634147329 
0.184812795515121 
-0.184812795514942 
-0.550408634147936 
-0.903969637678569 
-1.237641999940391 
-1.543768410552174 
-1.814902614897555 
-2.044383472628759 
-2.226845288099274 
-2.357650002968477 
-2.451557910494892 
-2.492066116371042 
-2.452179930531790 
-0.045062725921473 
0.004562727365304 
0.030442401076464 
0.065361837845866 
0.115916326632541 
0.162563830098002 
0.207197207716353 
0.244166051897607 
0.272097727795005 
0.291994979606292 
0.304648675883642 
0.310747707660604 
0.310747707660390 
0.304648675886759 
0.291994979597581 
0.272097727814888 
0.244166051908921 
0.207197207723892 
0.162563830136836 
0.115916326664197 
0.065361837887429 
0.030442401092231 
0.004562727421060 
-0.045062725913861 
2.453346986196109 
2.496706959098524 
2.451692632383290 
2.355484790360820 
2.225893598275022 
2.043716484222896 
1.814495836028341 
1.543509989796704 
1.237483524949189 
0.903881576898346 
0.550362629343784 
0.184797898928306 
-0.184797898928044 
-0.550362629344322 
-0.903881576898764 
-1.237483524951688 
-1.543509989798948 
-1.814495836029245 
-2.043716484233459 
-2.225893598284145 
-2.355484790381163 
-2.451692632432294 
-2.496706959169917 
-2.453346986206272 
-0.045029150202583 
0.001781506738286 
0.022964184692665 
0.063276156522408 
0.114029394655282 
0.159242395015541 
0.205203458863650 
0.243031819841194 
0.271319324281779 
0.291263603107830 
0.303719293843731 
0.309634573592086 
0.309634573581977 
0.303719293856577 
0.291263603117523 
0.271319324298734 
0.243031819872474 
0.205203458862419 
0.159242394969028 
0.114029394631832 
0.063276156564023 
0.022964184654850 
0.001781506611701 
-0.045029150214675 
2.454409971996583 
2.500030079187823 
2.450863313798464 
2.354650305074293 
2.225450233760248 
2.042947202847052 
1.814147047717176 
1.543381222359722 
1.237421162178493 
0.903839140442146 
0.550329739320580 
0.184784709346912 
-0.184784709346928 
-0.550329739320703 
-0.903839140443970 
-1.237421162181537 
-1.543381222361680 
-1.814147047718391 
-2.042947202837015 
-2.225450233754108 
-2.354650305082097 
-2.450863313779803 
-2.500030079184355 
-2.454409972006188 
-0.045060799440171 
-0.000432029658458 
0.018717018000514 
0.062351008909528 
0.111652489054144 
0.157853487969980 
0.205305067182072 
0.242491678720755 
0.270363707286316 
0.290405301776956 
0.303031928522052 
0.309072432332712 
0.309072432307728 
0.303031928523556 
0.290405301763596 
0.270363707248298 
0.242491678719993 
0.205305067199131 
0.157853487987522 
0.111652489073085 
0.062351008895605 
0.018717017944298 
-0.000432029867451 
-0.045060799458409 
2.455068768755193 
2.501860768781051 
2.450392474971349 
2.354334089330923 
2.224781368379833 
2.042535418597482 
1.814174648022976 
1.543352879557852 
1.237357960208799 
0.903798428402341 
0.550309268000225 
0.184778531577564 
-0.184778531577655 
-0.550309267999302 
-0.903798428403221 
-1.237357960208119 
-1.543352879554385 
-1.814174648032682 
-2.042535418603907 
-2.224781368378287 
-2.354334089308792 
-2.450392474930303 
-2.501860768754937 
-2.455068768768415 
-0.045007451813864 
0.000148803511602 
0.020725526230208 
0.065471488522118 
0.114501760984281 
0.159642998097908 
0.205139784414117 
0.239874678510416 
0.265392717885465 
0.283427538539072 
0.294576913526404 
0.299840497701469 
0.299840497676715 
0.294576913531744 
0.283427538532192 
0.265392717854532 
0.239874678512888 
0.205139784426166 
0.159642998104867 
0.114501760994179 
0.065471488507750 
0.020725526189662 
0.000148803312034 
-0.045007451830662 
2.455146717700644 
2.502369953842624 
2.451409629558930 
2.355555053271523 
2.225689464561841 
2.042998318182072 
1.814213218429247 
1.543102996309442 
1.237007432203503 
0.903476943870588 
0.550091855656271 
0.184702536361407 
-0.184702536361342 
-0.550091855655345 
-0.903476943871699 
-1.237007432203414 
-1.543102996306188 
-1.814213218438151 
-2.042998318186092 
-2.225689464557954 
-2.355555053251260 
-2.451409629525823 
-2.502369953819456 
-2.455146717714008 
-0.044991266343704 
0.000162722453919 
0.020718161653740 
0.065405598268259 
0.114095388536593 
0.159239962324503 
0.204738201003540 
0.239494292991628 
0.265170193021851 
0.283339511699239 
0.294553889490560 
0.299847040249399 
0.299847040224245 
0.294553889497545 
0.283339511696695 
0.265170192995423 
0.239494292995792 
0.204738201011546 
0.159239962323834 
0.114095388541201 
0.065405598252096 
0.020718161622819 
0.000162722257589 
-0.044991266359739 
2.455208449724834 
2.502608768948508 
2.451530873024499 
2.355550383872248 
2.225575049992480 
2.042904915102033 
1.814150080449076 
1.543059163672289 
1.236988712340389 
0.903471812978262 
0.550090829282341 
0.184702432950914 
-0.184702432950870 
-0.550090829281428 
-0.903471812979625 
-1.236988712340650 
-1.543059163668917 
-1.814150080457500 
-2.042904915104335 
-2.225575049986603 
-2.355550383851723 
-2.451530872995899 
-2.502608768927318 
-2.455208449738654 
-0.044961907401121 
0.000336916878960 
0.021203623722678 
0.066066100497030 
0.114407728151060 
0.159283350905570 
0.204290611479782 
0.238464455620353 
0.263699156531775 
0.281500794735435 
0.292428038987970 
0.297572110922999 
0.297572110897299 
0.292428038995957 
0.281500794735963 
0.263699156508635 
0.238464455626330 
0.204290611484197 
0.159283350898757 
0.114407728151023 
0.066066100480615 
0.021203623703719 
0.000336916687804 
-0.044961907416423 
2.455285147229905 
2.502967035629018 
2.451902766926760 
2.355829973940045 
2.225685056612229 
2.042925017927359 
1.814095679252308 
1.542958097184695 
1.236889600690425 
0.903393814104031 
0.550041510573837 
0.184685683685482 
-0.184685683685421 
-0.550041510572934 
-0.903393814105548 
-1.236889600690948 
-1.542958097181315 
-1.814095679260258 
-2.042925017928263 
-2.225685056604885 
-2.355829973920006 
-2.451902766903422 
-2.502967035609502 
-2.455285147243877 
-0.044944151422537 
0.000344082991784 
0.021136810693394 
0.065923787545100 
0.113969189403349 
0.158881976616364 
0.203899467892343 
0.238100943631787 
0.263491005723369 
0.281420087839656 
0.292413661815583 
0.297593358308612 
0.297593358281713 
0.292413661824230 
0.281420087842360 
0.263491005702020 
0.238100943639396 
0.203899467894747 
0.158881976605620 
0.113969189403006 
0.065923787527532 
0.021136810680690 
0.000344082798064 
-0.044944151437547 
2.455354913819969 
2.503234829645898 
2.452015931277863 
2.355795448730593 
2.225559786394698 
2.042832293731777 
1.814034733967573 
1.542916547305300 
1.236872255268584 
0.903389144700150 
0.550040671824106 
0.184685663382195 
-0.184685663382152 
-0.550040671823164 
-0.903389144701820 
-1.236872255269307 
-1.542916547301751 
-1.814034733975571 
-2.042832293731873 
-2.225559786386553 
-2.355795448710331 
-2.452015931257402 
-2.503234829627043 
-2.455354913834622 
-0.044922047595637 
0.000357819055043 
0.021101895091492 
0.065885156269479 
0.113621728534086 
0.158545141102552 
0.203472641160589 
0.237575580167100 
0.263013015440646 
0.280971488160289 
0.291958434967430 
0.297138869481498 
0.297138869455777 
0.291958434975927 
0.280971488163547 
0.263013015423802 
0.237575580174240 
0.203472641159748 
0.158545141089724 
0.113621728526882 
0.065885156249064 
0.021101895092298 
0.000357818881477 
-0.044922047608645 
2.455442086973887 
2.503571641417918 
2.452177462860645 
2.355802759934639 
2.225463082521488 
2.042755696556144 
1.813971813253089 
1.542860085032285 
1.236837462936023 
0.903369411256723 
0.550029914727575 
0.184682239641765 
-0.184682239641704 
-0.550029914726688 
-0.903369411258403 
-1.236837462937012 
-1.542860085028779 
-1.813971813260229 
-2.042755696555699 
-2.225463082511674 
-2.355802759913728 
-2.452177462845981 
-2.503571641403538 
-2.455442086987972 
-0.046690711933901 
-0.000713839761927 
0.043058363506757 
0.085981858915824 
0.130228095555128 
0.173788920997897 
0.214340027424708 
0.250325053070551 
0.280561029249324 
0.304099434473455 
0.320209788453078 
0.328392168679013 
0.328392168679068 
0.320209788453118 
0.304099434473473 
0.280561029249759 
0.250325053070463 
0.214340027424731 
0.173788920998083 
0.130228095555090 
0.085981858916311 
0.043058363505992 
-0.000713839761275 
-0.046690711933787 
2.448709002206812 
2.475857008163125 
2.446554649013817 
2.363649558677384 
2.229454041837589 
2.045467558737518 
1.815419273295627 
1.544501387762311 
1.238841029292525 
0.905327751499033 
0.551465339897549 
0.185209185104689 
-0.185209185104685 
-0.551465339897558 
-0.905327751499032 
-1.238841029292552 
-1.544501387762313 
-1.815419273295615 
-2.045467558737553 
-2.229454041837655 
-2.363649558677336 
-2.446554649014256 
-2.475857008164348 
-2.448709002206959 
-0.046360038850094 
0.000976818341241 
0.039292527786207 
0.073887537960146 
0.121153903898811 
0.172108910637218 
0.217758379639511 
0.255103084316743 
0.283599161120122 
0.303778304201474 
0.316533922795880 
0.322677773797164 
0.322677773795867 
0.316533922795493 
0.303778304201979 
0.283599161123918 
0.255103084322701 
0.217758379643613 
0.172108910640928 
0.121153903907918 
0.073887537976339 
0.039292527803796 
0.000976818340618 
-0.046360038850493 
2.449671198578648 
2.481101114509541 
2.448289386883167 
2.359116981496887 
2.226487780576568 
2.044898261271269 
1.815872980078286 
1.545059562749833 
1.239135371985096 
0.905350631901738 
0.551370980009606 
0.185156338882891 
-0.185156338882895 
-0.551370980009531 
-0.905350631901847 
-1.239135371985506 
-1.545059562750366 
-1.815872980079090 
-2.044898261272010 
-2.226487780579462 
-2.359116981505550 
-2.448289386889894 
-2.481101114507699 
-2.449671198578497 
-0.046006653127628 
0.001924540897435 
0.034132761920162 
0.065674029604964 
0.116808624678942 
0.169282596216684 
0.215650608956105 
0.253793564320325 
0.282518516308320 
0.302314134866938 
0.314488303466501 
0.320241852615755 
0.320241852614250 
0.314488303465243 
0.302314134870006 
0.282518516318973 
0.253793564328998 
0.215650608962960 
0.169282596233600 
0.116808624723345 
0.065674029653604 
0.034132761949657 
0.001924540909764 
-0.046006653126468 
2.450820982876702 
2.486506636701125 
2.449238202160438 
2.355843457784327 
2.225089407426394 
2.044268034347537 
1.815482502636175 
1.544869889540970 
1.239042905152181 
0.905286996903834 
0.551325532726306 
0.185139262133997 
-0.185139262133956 
-0.551325532726303 
-0.905286996904107 
-1.239042905153129 
-1.544869889541938 
-1.815482502637199 
-2.044268034352423 
-2.225089407440392 
-2.355843457805589 
-2.449238202184220 
-2.486506636716010 
-2.450820982878583 
-0.045609815868118 
0.001114975794795 
0.024488867128276 
0.058746462247534 
0.113664515086854 
0.163258005414147 
0.209744018048718 
0.249737202244563 
0.279719269062138 
0.300202818714970 
0.312829119350361 
0.318838000550964 
0.318838000545083 
0.312829119346548 
0.300202818720941 
0.279719269089715 
0.249737202282706 
0.209744018086505 
0.163258005408584 
0.113664515026942 
0.058746462221788 
0.024488867184297 
0.001114975819291 
-0.045609815865904 
2.452595467959794 
2.493653166321640 
2.449290041593478 
2.352831763107180 
2.224315236028608 
2.042990590099201 
1.814389319537975 
1.544312832770114 
1.238798994405589 
0.905182734014965 
0.551282544370090 
0.185127338699294 
-0.185127338699221 
-0.551282544369992 
-0.905182734015661 
-1.238798994408344 
-1.544312832774440 
-1.814389319544516 
-2.042990590095045 
-2.224315236007516 
-2.352831763104498 
-2.449290041638543 
-2.493653166357200 
-2.452595467965467 
-0.045640860164773 
-0.001289635235687 
0.019744050892166 
0.059180550768057 
0.112327091160794 
0.160564221161502 
0.208978115107638 
0.249041985423503 
0.278436072818334 
0.299081495020134 
0.312249292837604 
0.318626438365481 
0.318626438375834 
0.312249292836086 
0.299081495001721 
0.278436072813342 
0.249041985365998 
0.208978115066491 
0.160564221224118 
0.112327091242697 
0.059180550830820 
0.019744050960988 
-0.001289635097873 
-0.045640860150337 
2.453278058279555 
2.495595302929556 
2.448560849728547 
2.352848589558771 
2.224179938782500 
2.042354360774046 
1.814200890895598 
1.544208009304580 
1.238679185163008 
0.905117011092464 
0.551264573525462 
0.185125532871041 
-0.185125532870860 
-0.551264573526057 
-0.905117011091361 
-1.238679185161830 
-1.544208009298489 
-1.814200890888274 
-2.042354360790334 
-2.224179938807467 
-2.352848589598952 
-2.448560849817563 
-2.495595303029107 
-2.453278058289747 
-0.045530093442954 
0.000104916038861 
0.024100863094339 
0.065486023875701 
0.118333790813298 
0.164280228825567 
0.208752673193826 
0.243957804576808 
0.268500869690826 
0.285065731023647 
0.295337537848756 
0.300214309444956 
0.300214309455138 
0.295337537848160 
0.285065731008578 
0.268500869692781 
0.243957804527459 
0.208752673156927 
0.164280228887019 
0.118333790892567 
0.065486023937170 
0.024100863163178 
0.000104916175489 
-0.045530093428415 
2.453385517563764 
2.496529224346296 
2.450675206312681 
2.355341396408026 
2.226162991211321 
2.043364427088976 
1.814292233336862 
1.543698631663202 
1.237947624707305 
0.904444762840134 
0.550810627495213 
0.184966694486960 
-0.184966694486776 
-0.550810627495501 
-0.904444762838918 
-1.237947624706377 
-1.543698631657726 
-1.814292233329920 
-2.043364427104109 
-2.226162991234714 
-2.355341396446809 
-2.450675206403496 
-2.496529224450583 
-2.453385517575264 
-0.045502661884275 
0.000331008317551 
0.024671773850393 
0.066192427185256 
0.118670152592317 
0.164174298621915 
0.208172980820355 
0.242868122578499 
0.267023764362718 
0.283337878789768 
0.293447948033796 
0.298240319524463 
0.298240319534668 
0.293447948033104 
0.283337878775971 
0.267023764369469 
0.242868122536060 
0.208172980788591 
0.164174298682948 
0.118670152668302 
0.066192427245728 
0.024671773918273 
0.000331008454563 
-0.045502661869672 
2.453441011515569 
2.496837417105588 
2.451063687203271 
2.355644175564308 
2.226290978760231 
2.043355835164010 
1.814214594199322 
1.543593228871507 
1.237853454329542 
0.904377280906962 
0.550770955685877 
0.184953638899632 
-0.184953638899446 
-0.550770955686148 
-0.904377280905791 
-1.237853454328937 
-1.543593228866792 
-1.814214594193079 
-2.043355835178878 
-2.226290978782627 
-2.355644175602793 
-2.451063687294893 
-2.496837417212030 
-2.453441011527512 
-0.045486343794930 
0.000403737635730 
0.024759621703782 
0.066221142329856 
0.118383620317885 
0.163736779967050 
0.207720274766854 
0.242432669722848 
0.266706869700513 
0.283180257651003 
0.293409596335439 
0.298259940631624 
0.298259940641694 
0.293409596334710 
0.283180257638323 
0.266706869711045 
0.242432669686760 
0.207720274740081 
0.163736780027891 
0.118383620391295 
0.066221142389564 
0.024759621769997 
0.000403737771582 
-0.045486343780425 
2.453486627225640 
2.497044002411121 
2.451206264083122 
2.355671967355581 
2.226216659660264 
2.043259043870493 
1.814143304886059 
1.543545538250820 
1.237829510949987 
0.904369092522401 
0.550769287815359 
0.184953540708180 
-0.184953540707990 
-0.550769287815634 
-0.904369092521293 
-1.237829510949679 
-1.543545538246806 
-1.814143304880552 
-2.043259043885209 
-2.226216659681955 
-2.355671967393846 
-2.451206264175030 
-2.497044002519027 
-2.453486627238008 
-0.045461815871732 
0.000584795732620 
0.025177162241409 
0.066719769549466 
0.118563687409860 
0.163582670986611 
0.207219957450893 
0.241551352642528 
0.265548877424207 
0.281851026495138 
0.291968423875562 
0.296758764135306 
0.296758764145715 
0.291968423874901 
0.281851026483101 
0.265548877438716 
0.241551352611628 
0.207219957428095 
0.163582671047189 
0.118563687479116 
0.066719769608211 
0.025177162307749 
0.000584795872771 
-0.045461815856792 
2.453541115945833 
2.497330520460873 
2.451521846745177 
2.355888126454424 
2.226291151002274 
2.043235788594096 
1.814075354537628 
1.543459769044134 
1.237754715313713 
0.904316093632842 
0.550738230613680 
0.184943323374441 
-0.184943323374246 
-0.550738230613970 
-0.904316093631756 
-1.237754715313655 
-1.543459769040778 
-1.814075354532554 
-2.043235788608529 
-2.226291151022918 
-2.355888126492652 
-2.451521846839271 
-2.497330520572785 
-2.453541115958700 
-0.045309507336079 
0.001135916832773 
0.025424603516901 
0.066237055015584 
0.115388455919364 
0.159411423567441 
0.203255574423847 
0.238018156105559 
0.263327660719073 
0.281231283687230 
0.292511831339473 
0.297863835514114 
0.297863835516731 
0.292511831340263 
0.281231283686609 
0.263327660755317 
0.238018156128408 
0.203255574445579 
0.159411423628100 
0.115388455998391 
0.066237055081284 
0.025424603540744 
0.001135916888548 
-0.045309507329488 
2.453998627514483 
2.499337642505538 
2.452669985198998 
2.355846455174379 
2.225433161806390 
2.042306439846337 
1.813448450376789 
1.543069067179840 
1.237579866493128 
0.904274275617635 
0.550742570526480 
0.184948851005285 
-0.184948851005135 
-0.550742570526576 
-0.904274275617296 
-1.237579866495294 
-1.543069067181202 
-1.813448450379890 
-2.042306439861160 
-2.225433161828934 
-2.355846455211223 
-2.452669985263217 
-2.499337642588285 
-2.453998627528209 
-0.045171367332631 
0.000727446699503 
0.022891141278631 
0.064107189054424 
0.112479973448400 
0.157105163923052 
0.201547141808571 
0.236210704793632 
0.262049399150490 
0.280567463410728 
0.292081476511847 
0.297465716769455 
0.297465716769462 
0.292081476518213 
0.280567463413734 
0.262049399189262 
0.236210704833418 
0.201547141845964 
0.157105163969188 
0.112479973502906 
0.064107189118468 
0.022891141307434 
0.000727446731487 
-0.045171367328087 
2.454648987140426 
2.501718816515226 
2.452938638056659 
2.355088446587609 
2.224595460331617 
2.041753491568048 
1.813181914238825 
1.542873314792580 
1.237480019515749 
0.904240911888669 
0.550731525646147 
0.184945736905186 
-0.184945736905106 
-0.550731525646238 
-0.904240911888557 
-1.237480019518370 
-1.542873314795393 
-1.813181914244873 
-2.041753491579068 
-2.224595460346454 
-2.355088446624707 
-2.452938638130973 
-2.501718816610910 
-2.454648987159490 
-0.045133875327120 
-0.000545566590438 
0.019791513886414 
0.063203475776072 
0.111134750887718 
0.155962191821058 
0.200663208967337 
0.235225135965152 
0.261442719535479 
0.280167774382638 
0.291630445467851 
0.296985988383378 
0.296985988383418 
0.291630445474834 
0.280167774378856 
0.261442719568252 
0.235225135996066 
0.200663208997834 
0.155962191867616 
0.111134750930138 
0.063203475842833 
0.019791513938151 
-0.000545566529520 
-0.045133875321284 
2.455166105427044 
2.503237021438890 
2.452579427187156 
2.354729318775997 
2.224226175628452 
2.041470361022550 
1.813050377911773 
1.542765814901074 
1.237431193303804 
0.904221306076021 
0.550719103920457 
0.184941191091409 
-0.184941191091293 
-0.550719103920675 
-0.904221306075478 
-1.237431193305812 
-1.542765814903278 
-1.813050377916357 
-2.041470361033500 
-2.224226175641493 
-2.354729318815446 
-2.452579427276035 
-2.503237021547583 
-2.455166105446365 
-0.045133007144072 
-0.000611882231816 
0.019684208336738 
0.063240219473505 
0.111152353939747 
0.156019425131167 
0.200705377604039 
0.235194639510598 
0.261343799311727 
0.279990538945184 
0.291391321790449 
0.296721253945343 
0.296721253945563 
0.291391321797661 
0.279990538941156 
0.261343799344243 
0.235194639540593 
0.200705377633848 
0.156019425178243 
0.111152353982402 
0.063240219540345 
0.019684208388057 
-0.000611882169063 
-0.045133007138067 
2.455186722059238 
2.503288802569223 
2.452566770625503 
2.354742723965425 
2.224232152794600 
2.041481235543525 
1.813058951034368 
1.542763973378187 
1.237425108573695 
0.904214135815368 
0.550713616496669 
0.184939224310689 
-0.184939224310572 
-0.550713616496909 
-0.904214135814799 
-1.237425108575677 
-1.542763973380329 
-1.813058951038786 
-2.041481235554614 
-2.224232152807783 
-2.354742724004975 
-2.452566770715156 
-2.503288802679802 
-2.455186722078826 
