-0.048374732246305 
-0.002718719884779 
0.034854524342463 
0.071337294273287 
0.117775748660745 
0.170675046054430 
0.224001998268809 
0.273826270527886 
0.317262340181232 
0.351991041281966 
0.376198952754859 
0.388626539582844 
0.388626539582595 
0.376198952754540 
0.351991041282725 
0.317262340182037 
0.273826270527100 
0.224001998268185 
0.170675046053989 
0.117775748660579 
0.071337294273958 
0.034854524342544 
-0.002718719884389 
-0.048374732246244 
2.288955266195509 
2.312401117662758 
2.279967964580166 
2.200736568125496 
2.078247410619114 
1.909710842639779 
1.697160661171489 
1.445392987453462 
1.160273554034381 
0.848407396438159 
0.516991621456973 
0.173664277583644 
-0.173664277583633 
-0.516991621456969 
-0.848407396438215 
-1.160273554034424 
-1.445392987453368 
-1.697160661171393 
-1.909710842639692 
-2.078247410619142 
-2.200736568125731 
-2.279967964580751 
-2.312401117663611 
-2.288955266195628 
-0.048390276156811 
-0.004111235498940 
0.027864928215369 
0.060920685781836 
0.108963172583480 
0.165136807874633 
0.223189609569350 
0.278723014589366 
0.327829369140153 
0.367376678170704 
0.395040426984881 
0.409264733554128 
0.409264733549766 
0.395040426984693 
0.367376678174358 
0.327829369140006 
0.278723014593828 
0.223189609571505 
0.165136807871525 
0.108963172592225 
0.060920685797671 
0.027864928222905 
-0.004111235528674 
-0.048390276159779 
2.289068343747230 
2.312127095605476 
2.276644283819287 
2.196236132479394 
2.075067826078466 
1.907984322854526 
1.696861722648529 
1.446230244530968 
1.161723016348382 
0.849913406796424 
0.518094495597087 
0.174066162777679 
-0.174066162777794 
-0.518094495596598 
-0.849913406797153 
-1.161723016348419 
-1.446230244531220 
-1.696861722649730 
-1.907984322853382 
-2.075067826081807 
-2.196236132486065 
-2.276644283801286 
-2.312127095579914 
-2.289068343745795 
-0.048375350860106 
-0.004324020509576 
0.026645858318737 
0.059782547693381 
0.108805691688905 
0.165596704177676 
0.224024254541071 
0.279686395808372 
0.328646741420104 
0.367872158538961 
0.395196156371069 
0.409208009426985 
0.409208009421626 
0.395196156370749 
0.367872158543310 
0.328646741420724 
0.279686395814468 
0.224024254544298 
0.165596704174846 
0.108805691697654 
0.059782547709703 
0.026645858329757 
-0.004324020540582 
-0.048375350863089 
2.289127180964740 
2.312242765910521 
2.276163311252914 
2.195716793768800 
2.074986734008551 
1.908108278963074 
1.697061009296322 
1.446422200577437 
1.161854808556452 
0.849977225195868 
0.518113477815089 
0.174068474916649 
-0.174068474916770 
-0.518113477814513 
-0.849977225196765 
-1.161854808556612 
-1.446422200577915 
-1.697061009297901 
-1.908108278961930 
-2.074986734011871 
-2.195716793775527 
-2.276163311235398 
-2.312242765884962 
-2.289127180963611 
-0.047829570350673 
0.002089799567591 
0.046241418350378 
0.091322008579042 
0.145064549258143 
0.195939523488964 
0.237552758246881 
0.268047778864158 
0.287847136332787 
0.299088257689286 
0.304543326739641 
0.306596886028398 
0.306596886020806 
0.304543326738076 
0.299088257694827 
0.287847136338804 
0.268047778878698 
0.237552758253891 
0.195939523487676 
0.145064549267706 
0.091322008599959 
0.046241418381326 
0.002089799550607 
-0.047829570350860 
2.289844519334921 
2.318036332207130 
2.287652525429519 
2.209064628931324 
2.088091544612477 
1.917658378616859 
1.700989307284341 
1.444835562492036 
1.156487221568701 
0.843405245634086 
0.512917113170547 
0.172111164049780 
-0.172111164049642 
-0.512917113170190 
-0.843405245635688 
-1.156487221570000 
-1.444835562493899 
-1.700989307287063 
-1.917658378615302 
-2.088091544614889 
-2.209064628943227 
-2.287652525434801 
-2.318036332202400 
-2.289844519337221 
-0.047830273750585 
0.001447503261625 
0.041636016664159 
0.081013913288261 
0.132072055539516 
0.184901399574758 
0.233059475723157 
0.272771968983859 
0.302272297358236 
0.322064633754831 
0.333801199555384 
0.339164834111220 
0.339164834104129 
0.333801199554755 
0.322064633760373 
0.302272297363715 
0.272771968997180 
0.233059475731532 
0.184901399578059 
0.132072055550661 
0.081013913307475 
0.041636016694562 
0.001447503243703 
-0.047830273751050 
2.289978531604763 
2.318359057116726 
2.285680626226487 
2.204455919031745 
2.083453758127840 
1.914578312187641 
1.699873091973454 
1.445172025118658 
1.157515322263091 
0.844508156671048 
0.513707708929878 
0.172393959382336 
-0.172393959382339 
-0.513707708929322 
-0.844508156672379 
-1.157515322264131 
-1.445172025120280 
-1.699873091976497 
-1.914578312187450 
-2.083453758131225 
-2.204455919043211 
-2.285680626231120 
-2.318359057110909 
-2.289978531606848 
-0.047672605666925 
0.002525465211935 
0.042105039314354 
0.079301826332676 
0.128976524571485 
0.180735800987080 
0.228749422238061 
0.269295785673778 
0.300232556604816 
0.321650103001404 
0.334777362033369 
0.340938853100029 
0.340938853093138 
0.334777362032627 
0.321650103006452 
0.300232556613029 
0.269295785687334 
0.228749422247552 
0.180735800992071 
0.128976524573403 
0.079301826342761 
0.042105039339039 
0.002525465201024 
-0.047672605666421 
2.290410589245885 
2.320832017297569 
2.287460102641015 
2.203917283846240 
2.082415445111389 
1.913500194146587 
1.699037857816039 
1.444687779871802 
1.157317331791416 
0.844475181075628 
0.513731971021998 
0.172409200515142 
-0.172409200515131 
-0.513731971021496 
-0.844475181076908 
-1.157317331792690 
-1.444687779873561 
-1.699037857819137 
-1.913500194146731 
-2.082415445111257 
-2.203917283854034 
-2.287460102650131 
-2.320832017300889 
-2.290410589248836 
-0.046921358700616 
0.006427686259657 
0.039786520767269 
0.069384103563965 
0.118009360913587 
0.167354821257689 
0.214978872297720 
0.257482860765534 
0.291674683539359 
0.316861496942184 
0.333302619600810 
0.341393822723638 
0.341393822715100 
0.333302619601947 
0.316861496941525 
0.291674683546149 
0.257482860772955 
0.214978872293446 
0.167354821274575 
0.118009360933826 
0.069384103588158 
0.039786520818674 
0.006427686251028 
-0.046921358700281 
2.292695288261100 
2.332752409765698 
2.293596384362826 
2.200200400205111 
2.078737831992226 
1.910128851276878 
1.696378872081109 
1.442952590130691 
1.156344060259913 
0.844016422601394 
0.513558749467275 
0.172368862385273 
-0.172368862385409 
-0.513558749466487 
-0.844016422602656 
-1.156344060261423 
-1.442952590130472 
-1.696378872082804 
-1.910128851280005 
-2.078737831998873 
-2.200200400222421 
-2.293596384390977 
-2.332752409778553 
-2.292695288266075 
-0.046671994946868 
0.004771979718603 
0.030217926008472 
0.063780270295733 
0.116373651493647 
0.163891052300060 
0.211608341694147 
0.254823523174972 
0.289332627057612 
0.314665528671006 
0.331164400702948 
0.339257337117960 
0.339257337104271 
0.331164400706520 
0.314665528677887 
0.289332627076633 
0.254823523202440 
0.211608341716464 
0.163891052366329 
0.116373651576536 
0.063780270351700 
0.030217926050555 
0.004771979690070 
-0.046671994948375 
2.294250480804912 
2.338797845479034 
2.293410668410686 
2.197766588472821 
2.078125993296624 
1.909261715845916 
1.695728482573994 
1.442562959814934 
1.156043651409321 
0.843763129706632 
0.513378526821209 
0.172302437452126 
-0.172302437452167 
-0.513378526820613 
-0.843763129708365 
-1.156043651412451 
-1.442562959817269 
-1.695728482581562 
-1.909261715862733 
-2.078125993322988 
-2.197766588496308 
-2.293410668428492 
-2.338797845488054 
-2.294250480810776 
-0.046685661548428 
0.001329321164766 
0.022560256509003 
0.063173956091634 
0.113922570950619 
0.159685759954515 
0.210386840981845 
0.254388621357073 
0.288205049573402 
0.312955347515044 
0.329056668707412 
0.336903567818077 
0.336903567812804 
0.329056668723702 
0.312955347527972 
0.288205049616524 
0.254388621406370 
0.210386841006129 
0.159685759966816 
0.113922570920335 
0.063173956099704 
0.022560256637296 
0.001329321245789 
-0.046685661537396 
2.295460575022632 
2.342580010696091 
2.292797104318411 
2.197387368516167 
2.077444877756743 
1.908098990811996 
1.695448647956534 
1.442510640373843 
1.155883654840799 
0.843555985419496 
0.513211326507297 
0.172238290276702 
-0.172238290276890 
-0.513211326507452 
-0.843555985421584 
-1.155883654846515 
-1.442510640379651 
-1.695448647962549 
-1.908098990812062 
-2.077444877745308 
-2.197387368529756 
-2.292797104414757 
-2.342580010791460 
-2.295460575038973 
-0.046503030589862 
0.003263327077817 
0.029124016292496 
0.073702689362042 
0.124106520295151 
0.166973203454653 
0.211585223912144 
0.247011694567150 
0.272191886351194 
0.289678421594011 
0.300512835839075 
0.305574414253065 
0.305574414241410 
0.300512835848702 
0.289678421595705 
0.272191886371617 
0.247011694598832 
0.211585223931644 
0.166973203491680 
0.124106520327232 
0.073702689394006 
0.029124016368452 
0.003263327100356 
-0.046503030582811 
2.295796754964678 
2.344637560071520 
2.296403353119982 
2.201656749338784 
2.080894975363441 
1.910113514367585 
1.695902012672048 
1.441657115362546 
1.154430506344883 
0.842134500813012 
0.512217370108485 
0.171884801591529 
-0.171884801592328 
-0.512217370108807 
-0.842134500815355 
-1.154430506349213 
-1.441657115365026 
-1.695902012679254 
-1.910113514376547 
-2.080894975368651 
-2.201656749351046 
-2.296403353191377 
-2.344637560158218 
-2.295796754984253 
-0.046529123917294 
0.002622941297278 
0.026453079753389 
0.069118060619210 
0.118977486344982 
0.163195495343123 
0.210555251158570 
0.249529077401096 
0.278495298529508 
0.299259272698859 
0.312420610169093 
0.318682984812468 
0.318682984802271 
0.312420610180651 
0.299259272702746 
0.278495298554643 
0.249529077435455 
0.210555251178812 
0.163195495377199 
0.118977486369859 
0.069118060648831 
0.026453079835572 
0.002622941329173 
-0.046529123909454 
2.295827304448823 
2.344500601120189 
2.295254548142728 
2.199808334013376 
2.079210966244200 
1.909121767490157 
1.695629564550404 
1.441895724673310 
1.154909096875562 
0.842616136617724 
0.512553665099515 
0.172003653823008 
-0.172003653823684 
-0.512553665099734 
-0.842616136619909 
-1.154909096880069 
-1.441895724676275 
-1.695629564557434 
-1.909121767498030 
-2.079210966247991 
-2.199808334026970 
-2.295254548218938 
-2.344500601210793 
-2.295827304468479 
-0.046486841111183 
0.002681583818792 
0.026264910044460 
0.068764077872702 
0.118029275743458 
0.162266666187323 
0.209680907228620 
0.248601502612452 
0.277835734522999 
0.298974041174657 
0.312388484361790 
0.318768121234825 
0.318768121223144 
0.312388484373606 
0.298974041177768 
0.277835734545878 
0.248601502644650 
0.209680907247512 
0.162266666225919 
0.118029275782018 
0.068764077908069 
0.026264910116441 
0.002681583837333 
-0.046486841104452 
2.296001598447590 
2.345215097231650 
2.295561909205912 
2.199705786036298 
2.078922012756148 
1.908886520723461 
1.695473196388527 
1.441773559394014 
1.154844303848284 
0.842595018127191 
0.512549976247330 
0.172003645913260 
-0.172003645913947 
-0.512549976247491 
-0.842595018129384 
-1.154844303852647 
-1.441773559396466 
-1.695473196395737 
-1.908886520732841 
-2.078922012764272 
-2.199705786051110 
-2.295561909278203 
-2.345215097321520 
-2.296001598468317 
-0.046358927258714 
0.003513803813331 
0.028261313473873 
0.071620242485140 
0.119946477331732 
0.163036124725065 
0.208379401196286 
0.244484321202390 
0.271300507133987 
0.290557389221776 
0.302592159522589 
0.308238547225722 
0.308238547211692 
0.302592159533430 
0.290557389223575 
0.271300507153399 
0.244484321233416 
0.208379401209576 
0.163036124757216 
0.119946477374692 
0.071620242522282 
0.028261313536119 
0.003513803812608 
-0.046358927253571 
2.296364778387888 
2.346995383796639 
2.297305017120000 
2.200934742267685 
2.079592866798511 
1.909118318572165 
1.695311519242863 
1.441306075699409 
1.154312701577839 
0.842150122268879 
0.512261406481524 
0.171904420900184 
-0.171904420900950 
-0.512261406481678 
-0.842150122271291 
-1.154312701582188 
-1.441306075701312 
-1.695311519249541 
-1.909118318580268 
-2.079592866807639 
-2.200934742281552 
-2.297305017190264 
-2.346995383888713 
-2.296364778410941 
-0.046362976336417 
0.003240941334794 
0.027163297361631 
0.069954286910234 
0.118137431271020 
0.161745709328753 
0.208018061349768 
0.245280337221386 
0.273348883529813 
0.293673663415151 
0.306453262709837 
0.312484220009328 
0.312484219995688 
0.306453262721251 
0.293673663416696 
0.273348883549779 
0.245280337252381 
0.208018061364107 
0.161745709361916 
0.118137431313132 
0.069954286947624 
0.027163297425294 
0.003240941338535 
-0.046362976330804 
2.296415181227220 
2.347086170687042 
2.296917567510409 
2.200277167372292 
2.079014035436170 
1.908786914809871 
1.695221337012502 
1.441378030893395 
1.154462650397523 
0.842301675727289 
0.512366473016283 
0.171941312129097 
-0.171941312129844 
-0.512366473016420 
-0.842301675729595 
-1.154462650401847 
-1.441378030895368 
-1.695221337019293 
-1.908786914818203 
-2.079014035445295 
-2.200277167386727 
-2.296917567582115 
-2.347086170780819 
-2.296415181250250 
-0.046323576972868 
0.003183883735728 
0.026621555263019 
0.069320565646486 
0.117100719182333 
0.160821904288717 
0.207221620453352 
0.244550049344700 
0.272934866717526 
0.293580449986097 
0.306550573712041 
0.312674656910958 
0.312674656896204 
0.306550573724304 
0.293580449987147 
0.272934866735919 
0.244550049373406 
0.207221620458940 
0.160821904303098 
0.117100719212449 
0.069320565686434 
0.026621555329293 
0.003183883732480 
-0.046323576967778 
2.296614988429286 
2.347860374957846 
2.297121903002595 
2.200058659267395 
2.078697841637925 
1.908556569854327 
1.695080437507335 
1.441282072112667 
1.154420792359995 
0.842292594389791 
0.512367343973401 
0.171942431821233 
-0.171942431821999 
-0.512367343973499 
-0.842292594392107 
-1.154420792364232 
-1.441282072114082 
-1.695080437512600 
-1.908556569858139 
-2.078697841643693 
-2.200058659283063 
-2.297121903077195 
-2.347860375054283 
-2.296614988453622 
-0.046294471057371 
0.003218933384047 
0.026595784362544 
0.069497388760188 
0.117068482468887 
0.160676210097390 
0.206806403165251 
0.243735259657238 
0.271849074465569 
0.292278793498295 
0.305068909543180 
0.311099226151444 
0.311099226135709 
0.305068909554986 
0.292278793498937 
0.271849074481988 
0.243735259686142 
0.206806403173085 
0.160676210116156 
0.117068482504178 
0.069497388800523 
0.026595784424695 
0.003218933375814 
-0.046294471052624 
2.296746882423032 
2.348400765616080 
2.297403585115648 
2.200146778896827 
2.078697749289134 
1.908524652601034 
1.695018169975733 
1.441187933100490 
1.154332727207925 
0.842225068704363 
0.512324852955907 
0.171928006597076 
-0.171928006597845 
-0.512324852955980 
-0.842225068706698 
-1.154332727212041 
-1.441187933101884 
-1.695018169981615 
-1.908524652605972 
-2.078697749296286 
-2.200146778912217 
-2.297403585189349 
-2.348400765713529 
-2.296746882448082 
-0.046104741666939 
0.002283935039340 
0.022580065862645 
0.066147443960931 
0.111899413311455 
0.156193868616349 
0.202816974223316 
0.239806746023111 
0.269270933467460 
0.290920962602766 
0.304322148692015 
0.310678916024032 
0.310678916006639 
0.304322148703143 
0.290920962596902 
0.269270933481805 
0.239806746053997 
0.202816974264399 
0.156193868701162 
0.111899413400761 
0.066147443998994 
0.022580065896813 
0.002283935030942 
-0.046104741660185 
2.297956172058366 
2.352851975965629 
2.298252591172980 
2.198975731237002 
2.077131418868722 
1.907403980944945 
1.694323161151953 
1.440680389837998 
1.154087534976368 
0.842139423147039 
0.512297156427547 
0.171921910855572 
-0.171921910856310 
-0.512297156427609 
-0.842139423149029 
-1.154087534980405 
-1.440680389839956 
-1.694323161165031 
-1.907403980966300 
-2.077131418891494 
-2.198975731250330 
-2.298252591254930 
-2.352851976098759 
-2.297956172092221 
-0.046130558597793 
0.000712122816284 
0.019412541972016 
0.065130588159404 
0.110791460786465 
0.155620202626849 
0.202411530045936 
0.239288930807694 
0.268951377248110 
0.290509230768117 
0.303712141389556 
0.310035326249473 
0.310035326232235 
0.303712141409652 
0.290509230775616 
0.268951377278677 
0.239288930845266 
0.202411530075002 
0.155620202685557 
0.110791460860769 
0.065130588214504 
0.019412542025512 
0.000712122810612 
-0.046130558590514 
2.298440613606247 
2.354199793690153 
2.297839889865998 
2.198576491042879 
2.076794848270833 
1.907241529409369 
1.694260489804839 
1.440613783483633 
1.154058988495145 
0.842120233230715 
0.512279855845781 
0.171915464112053 
-0.171915464112862 
-0.512279855846138 
-0.842120233233601 
-1.154058988500549 
-1.440613783485849 
-1.694260489815497 
-1.907241529424200 
-2.076794848290146 
-2.198576491063786 
-2.297839889962125 
-2.354199793835795 
-2.298440613642919 
-0.046136989848039 
0.000582777714424 
0.019452735556896 
0.065611999423010 
0.111144458159557 
0.155879184457571 
0.202444782172117 
0.239006483250333 
0.268349411977820 
0.289582717706412 
0.302553050715603 
0.308777465546719 
0.308777465531047 
0.302553050734943 
0.289582717711048 
0.268349412009702 
0.239006483286079 
0.202444782199852 
0.155879184515443 
0.111144458227526 
0.065611999479769 
0.019452735617783 
0.000582777726310 
-0.046136989839467 
2.298475460782079 
2.354290109873462 
2.297915478632493 
2.198765937520241 
2.076912151751389 
1.907307312592041 
1.694275338368313 
1.440584914884110 
1.154012175074576 
0.842072639709488 
0.512246257206846 
0.171903704740522 
-0.171903704741308 
-0.512246257207321 
-0.842072639712129 
-1.154012175080087 
-1.440584914886421 
-1.694275338378069 
-1.907307312606576 
-2.076912151769674 
-2.198765937542293 
-2.297915478731931 
-2.354290110023821 
-2.298475460818347 
-0.046145453645731 
0.000402055919979 
0.019325147742205 
0.065829153598050 
0.111196872873001 
0.155929228252624 
0.202419292374729 
0.238862289312242 
0.268097845021602 
0.289187382298391 
0.302057631904938 
0.308254902382057 
0.308254902366248 
0.302057631923724 
0.289187382301422 
0.268097845052957 
0.238862289347134 
0.202419292402122 
0.155929228309139 
0.111196872939146 
0.065829153656402 
0.019325147804473 
0.000402055935184 
-0.046145453636727 
2.298514228889006 
2.354375550809305 
2.297926184909798 
2.198855586882129 
2.076933942894337 
1.907318502908333 
1.694274775353258 
1.440568917984575 
1.153992681952453 
0.842052814685316 
0.512232010311244 
0.171898782359804 
-0.171898782360584 
-0.512232010311723 
-0.842052814687862 
-1.153992681957928 
-1.440568917986842 
-1.694274775362842 
-1.907318502922483 
-2.076933942912310 
-2.198855586904998 
-2.297926185012036 
-2.354375550964652 
-2.298514228926242 
-0.046152337895701 
0.000268314319466 
0.019134574265663 
0.065760305845980 
0.111043600420229 
0.155842709169697 
0.202396354618409 
0.238909699084697 
0.268228175187877 
0.289361338044306 
0.302265089362771 
0.308493030554134 
0.308493030538698 
0.302265089381406 
0.289361338046566 
0.268228175219742 
0.238909699119207 
0.202396354645740 
0.155842709226661 
0.111043600485267 
0.065760305906095 
0.019134574330228 
0.000268314339311 
-0.046152337886471 
2.298533413570438 
2.354400964389861 
2.297875353133436 
2.198831643557780 
2.076887149051815 
1.907294475566482 
1.694269393331575 
1.440572807811602 
1.154002733891489 
0.842061913200638 
0.512237820818761 
0.171900846346985 
-0.171900846347749 
-0.512237820819266 
-0.842061913203107 
-1.154002733896991 
-1.440572807813918 
-1.694269393340968 
-1.907294475580710 
-2.076887149069853 
-2.198831643581393 
-2.297875353237110 
-2.354400964547396 
-2.298533413607765 
-0.048278472172341 
-0.000492171891084 
0.045434838323569 
0.090052930048471 
0.135346592932732 
0.179733000201570 
0.220984024529238 
0.257534704315948 
0.288202572724173 
0.312048903413728 
0.328355594173698 
0.336633201054982 
0.336633201054880 
0.328355594173578 
0.312048903413953 
0.288202572724556 
0.257534704315878 
0.220984024529152 
0.179733000201575 
0.135346592932858 
0.090052930048946 
0.045434838323785 
-0.000492171890912 
-0.048278472172319 
2.289092805418004 
2.314607580723938 
2.287313003083075 
2.209596660422690 
2.084005766687568 
1.912016595574779 
1.697001291457925 
1.443776233148263 
1.158063228711625 
0.846303680459052 
0.515514645257422 
0.173135639524621 
-0.173135639524617 
-0.515514645257420 
-0.846303680459071 
-1.158063228711650 
-1.443776233148252 
-1.697001291457913 
-1.912016595574784 
-2.084005766687638 
-2.209596660422902 
-2.287313003083402 
-2.314607580724254 
-2.289092805418046 
-0.047929027795190 
0.001858727409418 
0.043747037714123 
0.078437179601403 
0.123551725578475 
0.173784042308256 
0.220279111675597 
0.259479730837166 
0.290290502133145 
0.312727341758043 
0.327250662445882 
0.334360162664450 
0.334360162663322 
0.327250662445737 
0.312727341757387 
0.290290502140730 
0.259479730841217 
0.220279111678289 
0.173784042314828 
0.123551725577919 
0.078437179612906 
0.043747037714374 
0.001858727422440 
-0.047929027793420 
2.290112448071683 
2.320731770310130 
2.290774596499930 
2.205255393330964 
2.080056903706077 
1.910449670381977 
1.696778216566290 
1.443992983914276 
1.158263873436505 
0.846366613519335 
0.515491228706536 
0.173114670710324 
-0.173114670710236 
-0.515491228706674 
-0.846366613519232 
-1.158263873437247 
-1.443992983914893 
-1.696778216566541 
-1.910449670383430 
-2.080056903706853 
-2.205255393334769 
-2.290774596514767 
-2.320731770330616 
-2.290112448073829 
-0.047727821803525 
0.003137565431965 
0.042975333978612 
0.073437760423931 
0.118965289912007 
0.171393501864835 
0.219490552497405 
0.259253149014296 
0.289651397797027 
0.311099480643444 
0.324583909716460 
0.331050371357118 
0.331050371355615 
0.324583909716445 
0.311099480642576 
0.289651397808347 
0.259253149020697 
0.219490552501582 
0.171393501875414 
0.118965289913587 
0.073437760442196 
0.042975333979612 
0.003137565451511 
-0.047727821800873 
2.290704222356888 
2.324162240474319 
2.292688823046371 
2.203361804377896 
2.078512337978283 
1.909847996768160 
1.696609060859101 
1.443946872232623 
1.158207174708580 
0.846279353755259 
0.515409746237125 
0.173081619953895 
-0.173081619953767 
-0.515409746237343 
-0.846279353755139 
-1.158207174709712 
-1.443946872233586 
-1.696609060859511 
-1.909847996770613 
-2.078512337980086 
-2.203361804384086 
-2.292688823068850 
-2.324162240504922 
-2.290704222360144 
-0.047512804433783 
0.004187530313163 
0.041275159301885 
0.068486387798830 
0.115170420024899 
0.168943069940505 
0.217840351905582 
0.258057049900948 
0.288394798463825 
0.309358974458127 
0.322254888214102 
0.328339014907849 
0.328339014905813 
0.322254888214057 
0.309358974456407 
0.288394798479047 
0.258057049910669 
0.217840351911436 
0.168943069955373 
0.115170420030270 
0.068486387826812 
0.041275159306571 
0.004187530338326 
-0.047512804430414 
2.291394873349719 
2.327878871608021 
2.294337467181405 
2.201418281625954 
2.077234367265277 
1.909266302830959 
1.696288588965100 
1.443767726893621 
1.158091263237867 
0.846186723856406 
0.515342265361127 
0.173056291449523 
-0.173056291449363 
-0.515342265361397 
-0.846186723856263 
-1.158091263239455 
-1.443767726894984 
-1.696288588965780 
-1.909266302834456 
-2.077234367268678 
-2.201418281635719 
-2.294337467211708 
-2.327878871647631 
-2.291394873354006 
-0.047417166914339 
0.004331439940620 
0.039583029366105 
0.066409153295981 
0.114205706410179 
0.167770223938837 
0.216386410404074 
0.256787650452058 
0.287448476481951 
0.308658679426688 
0.321695370081444 
0.327840226698687 
0.327840226696952 
0.321695370081709 
0.308658679424313 
0.287448476499857 
0.256787650463181 
0.216386410410956 
0.167770223957229 
0.114205706416459 
0.066409153325020 
0.039583029372420 
0.004331439973559 
-0.047417166910028 
2.291774066675536 
2.329682321536704 
2.294780696340970 
2.200567574840124 
2.076912810468103 
1.909009789758555 
1.696015034074381 
1.443584387926150 
1.157996979840966 
0.846142204393578 
0.515321726410957 
0.173050079318519 
-0.173050079318344 
-0.515321726411282 
-0.846142204393391 
-1.157996979842820 
-1.443584387927750 
-1.696015034075154 
-1.909009789763083 
-2.076912810471635 
-2.200567574851030 
-2.294780696379121 
-2.329682321585219 
-2.291774066680730 
-0.047085067343725 
0.003843761773720 
0.030919320378233 
0.059294180369241 
0.112259699614309 
0.163089019146408 
0.209564842263166 
0.250748795791687 
0.283270765005669 
0.306269168425228 
0.320628562050888 
0.327470872987500 
0.327470872988367 
0.320628562052367 
0.306269168420371 
0.283270765031948 
0.250748795808274 
0.209564842273602 
0.163089019177833 
0.112259699620795 
0.059294180401846 
0.030919320392899 
0.003843761834136 
-0.047085067336227 
2.293342312510751 
2.336598865738192 
2.295658358861151 
2.197581251889786 
2.076293793981054 
1.908015269558392 
1.694733650829114 
1.442715644843433 
1.157570374874060 
0.845971001025388 
0.515263199362249 
0.173036519334049 
-0.173036519333862 
-0.515263199362710 
-0.845971001025051 
-1.157570374876732 
-1.442715644845917 
-1.694733650830366 
-1.908015269566463 
-2.076293793983989 
-2.197581251905164 
-2.295658358926289 
-2.336598865815116 
-2.293342312518535 
-0.047116069212066 
-0.000273118065073 
0.020234238540340 
0.057766567001907 
0.111907739374536 
0.157891022639569 
0.205261892692238 
0.248041214966046 
0.281080619957674 
0.304680954320100 
0.319891987570391 
0.327338858546526 
0.327338858543626 
0.319891987576672 
0.304680954318365 
0.281080619998140 
0.248041214985826 
0.205261892706507 
0.157891022688361 
0.111907739416631 
0.057766567068860 
0.020234238548679 
-0.000273117998241 
-0.047116069202956 
2.294641797150742 
2.340976552023713 
2.294689867360615 
2.196780803438364 
2.076393118576130 
1.906789759234771 
1.693869598769340 
1.442346336607224 
1.157396197826728 
0.845903981668827 
0.515255320073208 
0.173040306933365 
-0.173040306933013 
-0.515255320074097 
-0.845903981668416 
-1.157396197830800 
-1.442346336609944 
-1.693869598771295 
-1.906789759248102 
-2.076393118590616 
-2.196780803468288 
-2.294689867448617 
-2.340976552132452 
-2.294641797164044 
-0.047020204732056 
0.000954056956356 
0.024137313124747 
0.063395706578456 
0.117258345899539 
0.161434144970998 
0.205622366749207 
0.244269709761706 
0.272961573554895 
0.292772711493571 
0.305252969032055 
0.311278476201023 
0.311278476197730 
0.305252969037464 
0.292772711489911 
0.272961573593828 
0.244269709779773 
0.205622366761438 
0.161434145017806 
0.117258345940653 
0.063395706646277 
0.024137313134136 
0.000954057022833 
-0.047020204722891 
2.294741453781076 
2.341817166273942 
2.296575085324593 
2.199039899214873 
2.078226993742328 
1.907778040553845 
1.694039279512413 
1.441915368501485 
1.156684892725675 
0.845209902314601 
0.514772271826533 
0.172868988490300 
-0.172868988490030 
-0.514772271827559 
-0.845209902314469 
-1.156684892729866 
-1.441915368503887 
-1.694039279513894 
-1.907778040566451 
-2.078226993756144 
-2.199039899244867 
-2.296575085413921 
-2.341817166384631 
-2.294741453794904 
-0.047004835959187 
0.001060119368323 
0.024486903165823 
0.063931800743977 
0.117468203142042 
0.161398538067318 
0.205396438857097 
0.243690536220589 
0.272037219666233 
0.291615049554531 
0.303954092353926 
0.309909177462773 
0.309909177459515 
0.303954092359247 
0.291615049550313 
0.272037219705170 
0.243690536238609 
0.205396438869695 
0.161398538114139 
0.117468203181492 
0.063931800811339 
0.024486903176247 
0.001060119437181 
-0.047004835949806 
2.294783680857433 
2.342026004961799 
2.296823755397650 
2.199269539120242 
2.078313847040962 
1.907774363242937 
1.694006611658107 
1.441851320681977 
1.156612844406301 
0.845152217225441 
0.514736673052046 
0.172857037135583 
-0.172857037135312 
-0.514736673053094 
-0.845152217225310 
-1.156612844410505 
-1.441851320684425 
-1.694006611659614 
-1.907774363255427 
-2.078313847054303 
-2.199269539150365 
-2.296823755488561 
-2.342026005074646 
-2.294783680871540 
-0.046997283991332 
0.001057387560025 
0.024496813254104 
0.063999566617304 
0.117239390730206 
0.161100885161704 
0.205198656740624 
0.243488078753986 
0.271846019172899 
0.291494538128908 
0.303905757171044 
0.309899228975826 
0.309899228972937 
0.303905757176739 
0.291494538124436 
0.271846019211719 
0.243488078772140 
0.205198656754043 
0.161100885209330 
0.117239390770138 
0.063999566685225 
0.024496813264447 
0.001057387629202 
-0.046997283981852 
2.294818770895294 
2.342162812555567 
2.296901188923836 
2.199306765033354 
2.078252714649028 
1.907699262203207 
1.693970355645102 
1.441826386801994 
1.156595950077740 
0.845144775838379 
0.514734643817843 
0.172856756728461 
-0.172856756728197 
-0.514734643818901 
-0.845144775838230 
-1.156595950081949 
-1.441826386804471 
-1.693970355646769 
-1.907699262215909 
-2.078252714662480 
-2.199306765063793 
-2.296901189015425 
-2.342162812669526 
-2.294818770909627 
-0.046981160250471 
0.001170286578533 
0.024848004119765 
0.064532106963413 
0.117479736134116 
0.161104704924658 
0.204987729503338 
0.242901993445731 
0.270895844220853 
0.290288439995476 
0.302536833103079 
0.308447066806551 
0.308447066803736 
0.302536833108810 
0.290288439990623 
0.270895844259563 
0.242901993463917 
0.204987729517018 
0.161104704972277 
0.117479736173247 
0.064532107031624 
0.024848004131827 
0.001170286649264 
-0.046981160240852 
2.294861901178156 
2.342378182864913 
2.297153421443356 
2.199533495751457 
2.078347538271883 
1.907705806636809 
1.693941350418391 
1.441762101471924 
1.156522048569658 
0.845084514131689 
0.514696843727443 
0.172843952942350 
-0.172843952942089 
-0.514696843728522 
-0.845084514131552 
-1.156522048573885 
-1.441762101474424 
-1.693941350420090 
-1.907705806649451 
-2.078347538285098 
-2.199533495782179 
-2.297153421536565 
-2.342378182980586 
-2.294861901192740 
-0.046907118466219 
0.001109238720113 
0.024647313486833 
0.064713254756447 
0.115077533881966 
0.158258513419011 
0.203161270249060 
0.241169096991184 
0.269455518491189 
0.289641588629737 
0.302622908957150 
0.308909934661598 
0.308909934661415 
0.302622908964652 
0.289641588621086 
0.269455518530993 
0.241169097009758 
0.203161270266595 
0.158258513467103 
0.115077533905059 
0.064713254823384 
0.024647313516918 
0.001109238819316 
-0.046907118454084 
2.295208141104767 
2.343716828638538 
2.297792978633021 
2.199697884458807 
2.077683831911488 
1.906988482545853 
1.693606344375425 
1.441546999631946 
1.156391502529739 
0.845039314486431 
0.514692994755893 
0.172846320222530 
-0.172846320222249 
-0.514692994757140 
-0.845039314486027 
-1.156391502533931 
-1.441546999635110 
-1.693606344377348 
-1.906988482557668 
-2.077683831920580 
-2.199697884492606 
-2.297792978745306 
-2.343716828775483 
-2.295208141121532 
-0.046788531051624 
-0.000066716088119 
0.021355900086446 
0.063574653637589 
0.111247723799542 
0.155038358907292 
0.201576965029632 
0.238958521159663 
0.267424026076172 
0.288592425025715 
0.302203522289016 
0.308667120633306 
0.308667120634572 
0.302203522298547 
0.288592425012813 
0.267424026113693 
0.238958521175758 
0.201576965061073 
0.155038358982005 
0.111247723856381 
0.063574653722065 
0.021355900087856 
-0.000066715996206 
-0.046788531039776 
2.296035641988573 
2.346496139071087 
2.298001233999707 
2.199328288146820 
2.076590989701829 
1.906127728241293 
1.693324686223678 
1.441284441311694 
1.156205985903378 
0.844971259896153 
0.514677217776581 
0.172843687418687 
-0.172843687418366 
-0.514677217778056 
-0.844971259895337 
-1.156205985907404 
-1.441284441315085 
-1.693324686228083 
-1.906127728259770 
-2.076590989722127 
-2.199328288188649 
-2.298001234116718 
-2.346496139230475 
-2.296035642010670 
-0.046787103253299 
-0.000161684933310 
0.021166248445595 
0.063601779092697 
0.111292790463960 
0.155113664883253 
0.201601418352130 
0.238890641296657 
0.267318929731304 
0.288431128094743 
0.301963498355763 
0.308376996597828 
0.308376996598904 
0.301963498366150 
0.288431128082931 
0.267318929769511 
0.238890641313845 
0.201601418383304 
0.155113664956128 
0.111292790520662 
0.063601779178214 
0.021166248446645 
-0.000161684845608 
-0.046787103241835 
2.296065374147231 
2.346572267241334 
2.297969245686337 
2.199335292354063 
2.076605771905730 
1.906144623917738 
1.693332218235328 
1.441277292035552 
1.156197488960412 
0.844963307129078 
0.514670606072368 
0.172841087292319 
-0.172841087292016 
-0.514670606073842 
-0.844963307128351 
-1.156197488964522 
-1.441277292038975 
-1.693332218239775 
-1.906144623935789 
-2.076605771925903 
-2.199335292396214 
-2.297969245803561 
-2.346572267400783 
-2.296065374169714 
-0.048278472172341 
-0.000492171891084 
0.045434838323569 
0.090052930048471 
0.135346592932732 
0.179733000201570 
0.220984024529238 
0.257534704315948 
0.288202572724173 
0.312048903413728 
0.328355594173698 
0.336633201054982 
0.336633201054880 
0.328355594173578 
0.312048903413953 
0.288202572724556 
0.257534704315878 
0.220984024529152 
0.179733000201575 
0.135346592932858 
0.090052930048946 
0.045434838323785 
-0.000492171890912 
-0.048278472172319 
2.289092805418004 
2.314607580723938 
2.287313003083075 
2.209596660422690 
2.084005766687568 
1.912016595574779 
1.697001291457925 
1.443776233148263 
1.158063228711625 
0.846303680459052 
0.515514645257422 
0.173135639524621 
-0.173135639524617 
-0.515514645257420 
-0.846303680459071 
-1.158063228711650 
-1.443776233148252 
-1.697001291457913 
-1.912016595574784 
-2.084005766687638 
-2.209596660422902 
-2.287313003083402 
-2.314607580724254 
-2.289092805418046 
-0.047929027795190 
0.001858727409418 
0.043747037714123 
0.078437179601403 
0.123551725578475 
0.173784042308256 
0.220279111675597 
0.259479730837166 
0.290290502133145 
0.312727341758043 
0.327250662445882 
0.334360162664450 
0.334360162663322 
0.327250662445737 
0.312727341757387 
0.290290502140730 
0.259479730841217 
0.220279111678289 
0.173784042314828 
0.123551725577919 
0.078437179612906 
0.043747037714374 
0.001858727422440 
-0.047929027793420 
2.290112448071683 
2.320731770310130 
2.290774596499930 
2.205255393330964 
2.080056903706077 
1.910449670381977 
1.696778216566290 
1.443992983914276 
1.158263873436505 
0.846366613519335 
0.515491228706536 
0.173114670710324 
-0.173114670710236 
-0.515491228706674 
-0.846366613519232 
-1.158263873437247 
-1.443992983914893 
-1.696778216566541 
-1.910449670383430 
-2.080056903706853 
-2.205255393334769 
-2.290774596514767 
-2.320731770330616 
-2.290112448073829 
-0.047727821803525 
0.003137565431965 
0.042975333978612 
0.073437760423931 
0.118965289912007 
0.171393501864835 
0.219490552497405 
0.259253149014296 
0.289651397797027 
0.311099480643444 
0.324583909716460 
0.331050371357118 
0.331050371355615 
0.324583909716445 
0.311099480642576 
0.289651397808347 
0.259253149020697 
0.219490552501582 
0.171393501875414 
0.118965289913587 
0.073437760442196 
0.042975333979612 
0.003137565451511 
-0.047727821800873 
2.290704222356888 
2.324162240474319 
2.292688823046371 
2.203361804377896 
2.078512337978283 
1.909847996768160 
1.696609060859101 
1.443946872232623 
1.158207174708580 
0.846279353755259 
0.515409746237125 
0.173081619953895 
-0.173081619953767 
-0.515409746237343 
-0.846279353755139 
-1.158207174709712 
-1.443946872233586 
-1.696609060859511 
-1.909847996770613 
-2.078512337980086 
-2.203361804384086 
-2.292688823068850 
-2.324162240504922 
-2.290704222360144 
-0.047512804433783 
0.004187530313163 
0.041275159301885 
0.068486387798830 
0.115170420024899 
0.168943069940505 
0.217840351905582 
0.258057049900948 
0.288394798463825 
0.309358974458127 
0.322254888214102 
0.328339014907849 
0.328339014905813 
0.322254888214057 
0.309358974456407 
0.288394798479047 
0.258057049910669 
0.217840351911436 
0.168943069955373 
0.115170420030270 
0.068486387826812 
0.041275159306571 
0.004187530338326 
-0.047512804430414 
2.291394873349719 
2.327878871608021 
2.294337467181405 
2.201418281625954 
2.077234367265277 
1.909266302830959 
1.696288588965100 
1.443767726893621 
1.158091263237867 
0.846186723856406 
0.515342265361127 
0.173056291449523 
-0.173056291449363 
-0.515342265361397 
-0.846186723856263 
-1.158091263239455 
-1.443767726894984 
-1.696288588965780 
-1.909266302834456 
-2.077234367268678 
-2.201418281635719 
-2.294337467211708 
-2.327878871647631 
-2.291394873354006 
-0.047417166914339 
0.004331439940620 
0.039583029366105 
0.066409153295981 
0.114205706410179 
0.167770223938837 
0.216386410404074 
0.256787650452058 
0.287448476481951 
0.308658679426688 
0.321695370081444 
0.327840226698687 
0.327840226696952 
0.321695370081709 
0.308658679424313 
0.287448476499857 
0.256787650463181 
0.216386410410956 
0.167770223957229 
0.114205706416459 
0.066409153325020 
0.039583029372420 
0.004331439973559 
-0.047417166910028 
2.291774066675536 
2.329682321536704 
2.294780696340970 
2.200567574840124 
2.076912810468103 
1.909009789758555 
1.696015034074381 
1.443584387926150 
1.157996979840966 
0.846142204393578 
0.515321726410957 
0.173050079318519 
-0.173050079318344 
-0.515321726411282 
-0.846142204393391 
-1.157996979842820 
-1.443584387927750 
-1.696015034075154 
-1.909009789763083 
-2.076912810471635 
-2.200567574851030 
-2.294780696379121 
-2.329682321585219 
-2.291774066680730 
-0.047085067343725 
0.003843761773720 
0.030919320378233 
0.059294180369241 
0.112259699614309 
0.163089019146408 
0.209564842263166 
0.250748795791687 
0.283270765005669 
0.306269168425228 
0.320628562050888 
0.327470872987500 
0.327470872988367 
0.320628562052367 
0.306269168420371 
0.283270765031948 
0.250748795808274 
0.209564842273602 
0.163089019177833 
0.112259699620795 
0.059294180401846 
0.030919320392899 
0.003843761834136 
-0.047085067336227 
2.293342312510751 
2.336598865738192 
2.295658358861151 
2.197581251889786 
2.076293793981054 
1.908015269558392 
1.694733650829114 
1.442715644843433 
1.157570374874060 
0.845971001025388 
0.515263199362249 
0.173036519334049 
-0.173036519333862 
-0.515263199362710 
-0.845971001025051 
-1.157570374876732 
-1.442715644845917 
-1.694733650830366 
-1.908015269566463 
-2.076293793983989 
-2.197581251905164 
-2.295658358926289 
-2.336598865815116 
-2.293342312518535 
-0.047116069212066 
-0.000273118065073 
0.020234238540340 
0.057766567001907 
0.111907739374536 
0.157891022639569 
0.205261892692238 
0.248041214966046 
0.281080619957674 
0.304680954320100 
0.319891987570391 
0.327338858546526 
0.327338858543626 
0.319891987576672 
0.304680954318365 
0.281080619998140 
0.248041214985826 
0.205261892706507 
0.157891022688361 
0.111907739416631 
0.057766567068860 
0.020234238548679 
-0.000273117998241 
-0.047116069202956 
2.294641797150742 
2.340976552023713 
2.294689867360615 
2.196780803438364 
2.076393118576130 
1.906789759234771 
1.693869598769340 
1.442346336607224 
1.157396197826728 
0.845903981668827 
0.515255320073208 
0.173040306933365 
-0.173040306933013 
-0.515255320074097 
-0.845903981668416 
-1.157396197830800 
-1.442346336609944 
-1.693869598771295 
-1.906789759248102 
-2.076393118590616 
-2.196780803468288 
-2.294689867448617 
-2.340976552132452 
-2.294641797164044 
-0.047020204732056 
0.000954056956356 
0.024137313124747 
0.063395706578456 
0.117258345899539 
0.161434144970998 
0.205622366749207 
0.244269709761706 
0.272961573554895 
0.292772711493571 
0.305252969032055 
0.311278476201023 
0.311278476197730 
0.305252969037464 
0.292772711489911 
0.272961573593828 
0.244269709779773 
0.205622366761438 
0.161434145017806 
0.117258345940653 
0.063395706646277 
0.024137313134136 
0.000954057022833 
-0.047020204722891 
2.294741453781076 
2.341817166273942 
2.296575085324593 
2.199039899214873 
2.078226993742328 
1.907778040553845 
1.694039279512413 
1.441915368501485 
1.156684892725675 
0.845209902314601 
0.514772271826533 
0.172868988490300 
-0.172868988490030 
-0.514772271827559 
-0.845209902314469 
-1.156684892729866 
-1.441915368503887 
-1.694039279513894 
-1.907778040566451 
-2.078226993756144 
-2.199039899244867 
-2.296575085413921 
-2.341817166384631 
-2.294741453794904 
-0.047004835959187 
0.001060119368323 
0.024486903165823 
0.063931800743977 
0.117468203142042 
0.161398538067318 
0.205396438857097 
0.243690536220589 
0.272037219666233 
0.291615049554531 
0.303954092353926 
0.309909177462773 
0.309909177459515 
0.303954092359247 
0.291615049550313 
0.272037219705170 
0.243690536238609 
0.205396438869695 
0.161398538114139 
0.117468203181492 
0.063931800811339 
0.024486903176247 
0.001060119437181 
-0.047004835949806 
2.294783680857433 
2.342026004961799 
2.296823755397650 
2.199269539120242 
2.078313847040962 
1.907774363242937 
1.694006611658107 
1.441851320681977 
1.156612844406301 
0.845152217225441 
0.514736673052046 
0.172857037135583 
-0.172857037135312 
-0.514736673053094 
-0.845152217225310 
-1.156612844410505 
-1.441851320684425 
-1.694006611659614 
-1.907774363255427 
-2.078313847054303 
-2.199269539150365 
-2.296823755488561 
-2.342026005074646 
-2.294783680871540 
-0.046997283991332 
0.001057387560025 
0.024496813254104 
0.063999566617304 
0.117239390730206 
0.161100885161704 
0.205198656740624 
0.243488078753986 
0.271846019172899 
0.291494538128908 
0.303905757171044 
0.309899228975826 
0.309899228972937 
0.303905757176739 
0.291494538124436 
0.271846019211719 
0.243488078772140 
0.205198656754043 
0.161100885209330 
0.117239390770138 
0.063999566685225 
0.024496813264447 
0.001057387629202 
-0.046997283981852 
2.294818770895294 
2.342162812555567 
2.296901188923836 
2.199306765033354 
2.078252714649028 
1.907699262203207 
1.693970355645102 
1.441826386801994 
1.156595950077740 
0.845144775838379 
0.514734643817843 
0.172856756728461 
-0.172856756728197 
-0.514734643818901 
-0.845144775838230 
-1.156595950081949 
-1.441826386804471 
-1.693970355646769 
-1.907699262215909 
-2.078252714662480 
-2.199306765063793 
-2.296901189015425 
-2.342162812669526 
-2.294818770909627 
-0.046981160250471 
0.001170286578533 
0.024848004119765 
0.064532106963413 
0.117479736134116 
0.161104704924658 
0.204987729503338 
0.242901993445731 
0.270895844220853 
0.290288439995476 
0.302536833103079 
0.308447066806551 
0.308447066803736 
0.302536833108810 
0.290288439990623 
0.270895844259563 
0.242901993463917 
0.204987729517018 
0.161104704972277 
0.117479736173247 
0.064532107031624 
0.024848004131827 
0.001170286649264 
-0.046981160240852 
2.294861901178156 
2.342378182864913 
2.297153421443356 
2.199533495751457 
2.078347538271883 
1.907705806636809 
1.693941350418391 
1.441762101471924 
1.156522048569658 
0.845084514131689 
0.514696843727443 
0.172843952942350 
-0.172843952942089 
-0.514696843728522 
-0.845084514131552 
-1.156522048573885 
-1.441762101474424 
-1.693941350420090 
-1.907705806649451 
-2.078347538285098 
-2.199533495782179 
-2.297153421536565 
-2.342378182980586 
-2.294861901192740 
-0.046907118466219 
0.001109238720113 
0.024647313486833 
0.064713254756447 
0.115077533881966 
0.158258513419011 
0.203161270249060 
0.241169096991184 
0.269455518491189 
0.289641588629737 
0.302622908957150 
0.308909934661598 
0.308909934661415 
0.302622908964652 
0.289641588621086 
0.269455518530993 
0.241169097009758 
0.203161270266595 
0.158258513467103 
0.115077533905059 
0.064713254823384 
0.024647313516918 
0.001109238819316 
-0.046907118454084 
2.295208141104767 
2.343716828638538 
2.297792978633021 
2.199697884458807 
2.077683831911488 
1.906988482545853 
1.693606344375425 
1.441546999631946 
1.156391502529739 
0.845039314486431 
0.514692994755893 
0.172846320222530 
-0.172846320222249 
-0.514692994757140 
-0.845039314486027 
-1.156391502533931 
-1.441546999635110 
-1.693606344377348 
-1.906988482557668 
-2.077683831920580 
-2.199697884492606 
-2.297792978745306 
-2.343716828775483 
-2.295208141121532 
-0.046788531051624 
-0.000066716088119 
0.021355900086446 
0.063574653637589 
0.111247723799542 
0.155038358907292 
0.201576965029632 
0.238958521159663 
0.267424026076172 
0.288592425025715 
0.302203522289016 
0.308667120633306 
0.308667120634572 
0.302203522298547 
0.288592425012813 
0.267424026113693 
0.238958521175758 
0.201576965061073 
0.155038358982005 
0.111247723856381 
0.063574653722065 
0.021355900087856 
-0.000066715996206 
-0.046788531039776 
2.296035641988573 
2.346496139071087 
2.298001233999707 
2.199328288146820 
2.076590989701829 
1.906127728241293 
1.693324686223678 
1.441284441311694 
1.156205985903378 
0.844971259896153 
0.514677217776581 
0.172843687418687 
-0.172843687418366 
-0.514677217778056 
-0.844971259895337 
-1.156205985907404 
-1.441284441315085 
-1.693324686228083 
-1.906127728259770 
-2.076590989722127 
-2.199328288188649 
-2.298001234116718 
-2.346496139230475 
-2.296035642010670 
-0.046787103253299 
-0.000161684933310 
0.021166248445595 
0.063601779092697 
0.111292790463960 
0.155113664883253 
0.201601418352130 
0.238890641296657 
0.267318929731304 
0.288431128094743 
0.301963498355763 
0.308376996597828 
0.308376996598904 
0.301963498366150 
0.288431128082931 
0.267318929769511 
0.238890641313845 
0.201601418383304 
0.155113664956128 
0.111292790520662 
0.063601779178214 
0.021166248446645 
-0.000161684845608 
-0.046787103241835 
2.296065374147231 
2.346572267241334 
2.297969245686337 
2.199335292354063 
2.076605771905730 
1.906144623917738 
1.693332218235328 
1.441277292035552 
1.156197488960412 
0.844963307129078 
0.514670606072368 
0.172841087292319 
-0.172841087292016 
-0.514670606073842 
-0.844963307128351 
-1.156197488964522 
-1.441277292038975 
-1.693332218239775 
-1.906144623935789 
-2.076605771925903 
-2.199335292396214 
-2.297969245803561 
-2.346572267400783 
-2.296065374169714 
