-0.049862257528535 
-0.000323830091987 
0.047649707284468 
0.093953014616651 
0.140359348856399 
0.185657644675062 
0.227713376696212 
0.264942429279034 
0.296149902364716 
0.320395574283645 
0.336964772247419 
0.345372295481765 
0.345372295481636 
0.336964772247322 
0.320395574283567 
0.296149902365065 
0.264942429279275 
0.227713376696266 
0.185657644675076 
0.140359348856769 
0.093953014617304 
0.047649707284771 
-0.000323830091927 
-0.049862257528533 
2.145230992158174 
2.169267123220437 
2.143789522959996 
2.070755287237109 
1.952905107302152 
1.791725470646987 
1.590264480388434 
1.352991644639962 
1.085260814671123 
0.793109141429344 
0.483115427258285 
0.162254941732693 
-0.162254941732688 
-0.483115427258282 
-0.793109141429344 
-1.085260814671156 
-1.352991644639987 
-1.590264480388442 
-1.791725470646995 
-1.952905107302318 
-2.070755287237429 
-2.143789522960195 
-2.169267123220467 
-2.145230992158170 
-0.049509269248582 
0.002544208954361 
0.048178122583320 
0.083972066371857 
0.127398481639588 
0.176682273675909 
0.223492505688092 
0.263874185404965 
0.296294987859300 
0.320356770166447 
0.336172627626736 
0.343993348666461 
0.343993348665351 
0.336172627623782 
0.320356770167768 
0.296294987868309 
0.263874185410337 
0.223492505692381 
0.176682273679787 
0.127398481644668 
0.083972066384163 
0.048178122596621 
0.002544208957737 
-0.049509269248414 
2.146281649355717 
2.176140296333805 
2.149170599832958 
2.067181672897395 
1.948365463087979 
1.789315727243753 
1.589373499230863 
1.352794783072102 
1.085262076827461 
0.793109322427101 
0.483089951432867 
0.162239578517029 
-0.162239578516967 
-0.483089951432782 
-0.793109322427291 
-1.085262076828422 
-1.352794783072710 
-1.589373499231700 
-1.789315727244707 
-1.948365463090073 
-2.067181672905422 
-2.149170599843629 
-2.176140296337611 
-2.146281649355994 
-0.049119981392043 
0.005482974072375 
0.048328406714769 
0.074634092510334 
0.116447910238652 
0.168995488766438 
0.219077028898841 
0.261488700831251 
0.294481161598147 
0.318038590244260 
0.332963831519225 
0.340152830695431 
0.340152830693427 
0.332963831514694 
0.318038590246540 
0.294481161615743 
0.261488700841230 
0.219077028907579 
0.168995488776333 
0.116447910248449 
0.074634092531051 
0.048328406737258 
0.005482974080262 
-0.049119981391483 
2.147458021746179 
2.183531302428884 
2.154529413017615 
2.063750362477973 
1.944497470349040 
1.787284653018875 
1.588465307927740 
1.352400508128866 
1.085045516391867 
0.792940589971503 
0.482963805598858 
0.162191396072407 
-0.162191396072275 
-0.482963805598772 
-0.792940589971903 
-1.085045516393776 
-1.352400508130016 
-1.588465307929465 
-1.787284653021411 
-1.944497470352844 
-2.063750362491747 
-2.154529413039027 
-2.183531302439136 
-2.147458021747055 
-0.048879536485529 
0.005974545320304 
0.044129240602426 
0.069138956969940 
0.114279383712844 
0.166536438845317 
0.215358386784873 
0.257751277293648 
0.291538670365249 
0.315967504821850 
0.331527662816244 
0.339038708855473 
0.339038708854188 
0.331527662811818 
0.315967504824537 
0.291538670388988 
0.257751277306445 
0.215358386796323 
0.166536438862069 
0.114279383732867 
0.069138957004794 
0.044129240639059 
0.005974545339851 
-0.048879536483826 
2.148435457553072 
2.188439585220503 
2.156031849670287 
2.061345570229484 
1.943613091876157 
1.786781549962221 
1.587754563086782 
1.351799230936455 
1.084695389619393 
0.792781214307418 
0.482906010744802 
0.162178247008586 
-0.162178247008416 
-0.482906010744822 
-0.792781214307991 
-1.084695389622035 
-1.351799230937969 
-1.587754563088986 
-1.786781549966861 
-1.943613091882924 
-2.061345570251182 
-2.156031849710329 
-2.188439585244559 
-2.148435457555289 
-0.048538262854059 
0.005454408544279 
0.034378500991269 
0.061109345995158 
0.113670321738279 
0.163664068182509 
0.209040027764322 
0.251132192990100 
0.286521513065254 
0.312932943592405 
0.330105961892996 
0.338502365541080 
0.338502365542372 
0.330105961889942 
0.312932943595276 
0.286521513099265 
0.251132193007921 
0.209040027783476 
0.163664068215528 
0.113670321777104 
0.061109346049239 
0.034378501047666 
0.005454408586096 
-0.048538262850001 
2.150094715430278 
2.195995766257035 
2.156939284585175 
2.057650737108804 
1.943200420100570 
1.786314161858672 
1.586550156082634 
1.350734582954988 
1.084093120940332 
0.792536035947846 
0.482840762323921 
0.162170355362196 
-0.162170355362003 
-0.482840762324157 
-0.792536035948646 
-1.084093120944196 
-1.350734582957267 
-1.586550156086362 
-1.786314161868199 
-1.943200420112427 
-2.057650737142169 
-2.156939284658077 
-2.195995766308717 
-2.150094715435440 
-0.048471950635773 
0.003642514539300 
0.027527155040554 
0.058612094670244 
0.113897635933490 
0.161221580725660 
0.206056798387342 
0.248930760955493 
0.284941066344630 
0.311874893823860 
0.329556758010649 
0.338282298269521 
0.338282298271827 
0.329556758010311 
0.311874893827131 
0.284941066383128 
0.248930760980861 
0.206056798415039 
0.161221580774423 
0.113897635992783 
0.058612094737257 
0.027527155097814 
0.003642514581044 
-0.048471950631457 
2.150975580921114 
2.199364342855368 
2.156543179148951 
2.056444138871874 
1.943284245649071 
1.785772955971370 
1.585936523786428 
1.350382417331017 
1.083927373529290 
0.792475085876392 
0.482830994410656 
0.162172183261476 
-0.162172183261322 
-0.482830994410953 
-0.792475085877259 
-1.083927373533768 
-1.350382417334373 
-1.585936523792113 
-1.785772955985661 
-1.943284245667711 
-2.056444138909996 
-2.156543179230095 
-2.199364342916071 
-2.150975580927821 
-0.048541924729711 
0.000063454070669 
0.019285028721642 
0.058512936694177 
0.113858630520513 
0.157571643177881 
0.204285999717957 
0.248632523039756 
0.284373767847995 
0.310889185616425 
0.328506587093576 
0.337295912205141 
0.337295912207866 
0.328506587100050 
0.310889185621635 
0.284373767889939 
0.248632523076634 
0.204285999761332 
0.157571643249507 
0.113858630623292 
0.058512936777468 
0.019285028748460 
0.000063454064024 
-0.048541924729795 
2.151905860386936 
2.202199504643661 
2.155354954729743 
2.056168820100067 
1.943417146503017 
1.784837080024886 
1.585512527211026 
1.350339067190095 
1.083901928076417 
0.792435620503281 
0.482807851322663 
0.162165982388895 
-0.162165982388963 
-0.482807851322818 
-0.792435620504598 
-1.083901928081435 
-1.350339067194793 
-1.585512527220518 
-1.784837080047188 
-1.943417146537808 
-2.056168820136944 
-2.155354954798523 
-2.202199504702385 
-2.151905860397097 
-0.048449563924231 
0.001255856587026 
0.023029945076213 
0.063716934247571 
0.118692710936106 
0.160875421674190 
0.204912524925519 
0.245647152792040 
0.277406230211654 
0.300316431378913 
0.315264316252188 
0.322640629141769 
0.322640629143977 
0.315264316257568 
0.300316431382043 
0.277406230251672 
0.245647152826190 
0.204912524964646 
0.160875421740915 
0.118692711034433 
0.063716934328563 
0.023029945103748 
0.001255856580816 
-0.048449563924226 
2.151999160583570 
2.203005564825395 
2.157198405279732 
2.058360578134338 
1.945164360660774 
1.785794184693544 
1.585722767491639 
1.349957233488463 
1.083191829966506 
0.791697142665250 
0.482272677109560 
0.161972312966899 
-0.161972312967142 
-0.482272677109890 
-0.791697142666846 
-1.083191829971664 
-1.349957233492751 
-1.585722767500078 
-1.785794184714161 
-1.945164360694069 
-2.058360578171547 
-2.157198405351119 
-2.203005564885942 
-2.151999160594020 
-0.048436504440752 
0.001354795247909 
0.023375767125806 
0.064162059655708 
0.118733426037947 
0.160778177102626 
0.204810428400757 
0.245310867216832 
0.276763027308617 
0.299433989886247 
0.314219928099514 
0.321509816210468 
0.321509816212948 
0.314219928105070 
0.299433989889422 
0.276763027349071 
0.245310867250849 
0.204810428439593 
0.160778177167775 
0.118733426132103 
0.064162059734986 
0.023375767156198 
0.001354795245566 
-0.048436504440361 
2.152035028961543 
2.203186726958104 
2.157434735469324 
2.058563922825492 
1.945196657571285 
1.785767869817190 
1.585705735324756 
1.349916207659426 
1.083133191562478 
0.791643413627603 
0.482236645120270 
0.161959698589186 
-0.161959698589437 
-0.482236645120644 
-0.791643413629220 
-1.083133191567702 
-1.349916207663735 
-1.585705735333095 
-1.785767869837241 
-1.945196657603186 
-2.058563922862578 
-2.157434735543162 
-2.203186727021053 
-2.152035028972202 
-0.048422319379831 
0.001463825006427 
0.023739364197470 
0.064629939630407 
0.118810587083859 
0.160707470184082 
0.204702201375156 
0.244938284394245 
0.276061009689931 
0.298474362603943 
0.313084065800772 
0.320279611455254 
0.320279611457797 
0.313084065806376 
0.298474362607071 
0.276061009730584 
0.244938284428211 
0.204702201413565 
0.160707470247335 
0.118810587174653 
0.064629939708108 
0.023739364229566 
0.001463825005485 
-0.048422319379320 
2.152072908054758 
2.203380111634534 
2.157684310014308 
2.058776414587305 
1.945241189735830 
1.785749504905952 
1.585688547947273 
1.349870684288906 
1.083069182252777 
0.791584999731748 
0.482197436444452 
0.161945960531359 
-0.161945960531626 
-0.482197436444843 
-0.791584999733405 
-1.083069182258054 
-1.349870684293209 
-1.585688547955515 
-1.785749504925445 
-1.945241189766596 
-2.058776414624000 
-2.157684310089493 
-2.203380111698581 
-2.152072908065536 
