-0.046787103253299 
-0.000161684933310 
0.021166248445595 
0.063601779092697 
0.111292790463960 
0.155113664883253 
0.201601418352130 
0.238890641296657 
0.267318929731304 
0.288431128094743 
0.301963498355763 
0.308376996597828 
0.308376996598904 
0.301963498366150 
0.288431128082931 
0.267318929769511 
0.238890641313845 
0.201601418383304 
0.155113664956128 
0.111292790520662 
0.063601779178214 
0.021166248446645 
-0.000161684845608 
-0.046787103241835 
2.296065374147231 
2.346572267241334 
2.297969245686337 
2.199335292354063 
2.076605771905730 
1.906144623917738 
1.693332218235328 
1.441277292035552 
1.156197488960412 
0.844963307129078 
0.514670606072368 
0.172841087292319 
-0.172841087292016 
-0.514670606073842 
-0.844963307128351 
-1.156197488964522 
-1.441277292038975 
-1.693332218239775 
-1.906144623935789 
-2.076605771925903 
-2.199335292396214 
-2.297969245803561 
-2.346572267400783 
-2.296065374169714 
