-0.047972866520724 
0.004437909770978 
0.011215566226373 
0.047651397854874 
0.059950817800372 
0.106908609684636 
0.141818576337269 
0.192289013906239 
0.249331123183582 
0.288659219534295 
0.319799803610784 
0.338755557374936 
0.338755557382374 
0.319799803812627 
0.288659219857907 
0.249331123569286 
0.192289014444337 
0.141818576746174 
0.106908607594242 
0.059950801989723 
0.047651373977217 
0.011215556133690 
0.004437900466816 
-0.047972869031113 
1.918514546320746 
2.018845794375643 
1.943569971486222 
1.810245009298626 
1.691178261839761 
1.556627511792869 
1.382530385625199 
1.178583780708909 
0.949092127326670 
0.694938980441650 
0.423977746577206 
0.142538982440402 
-0.142538982443496 
-0.423977746597009 
-0.694938980484558 
-0.949092127409656 
-1.178583780841026 
-1.382530385711290 
-1.556627511241446 
-1.691178257086033 
-1.810244984618901 
-1.943569672685240 
-2.018845258013514 
-1.918514417364346 
