-0.049294380221007 
0.004552291008593 
0.018793219208927 
0.057710982471436 
0.083413682606114 
0.130182672215469 
0.171850133174442 
0.218339552373262 
0.267787124030965 
0.301956500794631 
0.327066628029022 
0.342449268700039 
0.342449268688314 
0.327066628118725 
0.301956500859768 
0.267787124032662 
0.218339552519158 
0.171850133434757 
0.130182671899259 
0.083413679983266 
0.057710978786206 
0.018793207498336 
0.004552273765962 
-0.049294383509575 
1.912275687665295 
1.994309840621564 
1.933036933551276 
1.813375029152295 
1.699733422673897 
1.563512032667296 
1.389493011691480 
1.183683627118405 
0.951965696605250 
0.696531121089007 
0.424620249470303 
0.142705116304650 
-0.142705116304101 
-0.424620249479108 
-0.696531121095593 
-0.951965696609678 
-1.183683627159569 
-1.389493011747957 
-1.563512032519298 
-1.699733421530156 
-1.813375018144759 
-1.933036768345248 
-1.994309544300120 
-1.912275616835642 
