-0.050938252537916 
0.000686986863595 
0.020261411948901 
0.067812024565391 
0.111143470050714 
0.152775463237037 
0.202029400051427 
0.244427010356977 
0.281359868691439 
0.310901531466609 
0.330720966628176 
0.340490323804880 
0.340490323805872 
0.330720966649337 
0.310901531447388 
0.281359868737942 
0.244427010374534 
0.202029400057765 
0.152775463258993 
0.111143470063256 
0.067812024477077 
0.020261409950141 
0.000686984363615 
-0.050938252960670 
1.906897354861221 
1.972266750292894 
1.922198579661687 
1.816269651267981 
1.709370003967648 
1.570202748821403 
1.396421395000595 
1.188831952706147 
0.953970896026218 
0.697434822219928 
0.424936801575990 
0.142729385141113 
-0.142729385140989 
-0.424936801579048 
-0.697434822219651 
-0.953970896034044 
-1.188831952710522 
-1.396421394999429 
-1.570202748821137 
-1.709370003986169 
-1.816269650101401 
-1.922198559528780 
-1.972266714494415 
-1.906897346336541 
