-0.048074837500624 
0.005706013916561 
0.014033899982993 
0.048706643871829 
0.061828802749754 
0.110341809639254 
0.146215736818606 
0.196346681717653 
0.254047966309833 
0.292745272542875 
0.323015623909024 
0.342208453056478 
0.342208453047561 
0.323015624073399 
0.292745272759958 
0.254047966483566 
0.196346682121494 
0.146215737414331 
0.110341808599897 
0.061828792478469 
0.048706629413161 
0.014033887978527 
0.005705996627419 
-0.048074841345436 
1.917210240256245 
2.013977867269203 
1.941851389613330 
1.810796360357731 
1.692195110208191 
1.557692632940854 
1.383563174313584 
1.179367983396247 
0.949902366612111 
0.695527814965623 
0.424294350508792 
0.142659407754536 
-0.142659407754656 
-0.424294350523899 
-0.695527814990999 
-0.949902366651614 
-1.179367983497336 
-1.383563174442370 
-1.557692632558631 
-1.692195106589183 
-1.810796338833708 
-1.941851108230619 
-2.013977361881180 
-1.917210118989549 
