-0.074385865860697 
-0.000741136164524 
0.054790298398881 
0.131299722784950 
0.200112555085262 
0.254863215801864 
0.315975962423707 
0.365766603601260 
0.416700025900098 
0.452788022150596 
0.481997915958768 
0.495249763364984 
0.495249763427156 
0.481997916240555 
0.452788022678852 
0.416700026517660 
0.365766604353593 
0.315975963358133 
0.254863216579418 
0.200112555683165 
0.131299723546502 
0.054790298894210 
-0.000741135804337 
-0.074385865836518 
0.962163519967018 
1.020221920452313 
0.995046964985053 
0.920200715554734 
0.857571158839116 
0.777457358393409 
0.693594592515143 
0.589506791654269 
0.475991849168555 
0.348669974770515 
0.213094606490082 
0.071793963549339 
-0.071793963552844 
-0.213094606556646 
-0.348669974896939 
-0.475991849389679 
-0.589506792047226 
-0.693594593019966 
-0.777457358869662 
-0.857571159548242 
-0.920200716546127 
-0.995046966152486 
-1.020221921021288 
-0.962163519971143 
