-0.053029332981193 
-0.000082915999446 
0.051823133302410 
0.101567604482969 
0.150352701311840 
0.197583962847343 
0.241364094585504 
0.280078814374777 
0.312493783313701 
0.337649797320998 
0.354826019576743 
0.363536693988466 
0.363536693988345 
0.354826019576674 
0.337649797321054 
0.312493783314107 
0.280078814375055 
0.241364094585628 
0.197583962847406 
0.150352701312064 
0.101567604483459 
0.051823133302813 
-0.000082915999365 
-0.053029332981185 
1.895881543237944 
1.917355167559671 
1.895099951043151 
1.830228214470863 
1.725721566730601 
1.583220135197941 
1.405236080907296 
1.195613549311164 
0.959056240054281 
0.700896351042732 
0.426951915679786 
0.143393534876111 
-0.143393534876109 
-0.426951915679777 
-0.700896351042747 
-0.959056240054327 
-1.195613549311198 
-1.405236080907318 
-1.583220135197971 
-1.725721566730701 
-1.830228214471240 
-1.895099951043526 
-1.917355167559837 
-1.895881543237964 
-0.052701136862434 
0.003288298319324 
0.055700993666282 
0.095049194901158 
0.136453311380786 
0.184230090989159 
0.231679271411494 
0.274235154503947 
0.309579406103313 
0.336571892021115 
0.354708884005073 
0.363803536222677 
0.363803536221795 
0.354708884001227 
0.336571892020056 
0.309579406113403 
0.274235154509501 
0.231679271414686 
0.184230090994454 
0.136453311383512 
0.095049194911824 
0.055700993667377 
0.003288298321779 
-0.052701136862014 
1.896941342915614 
1.925265194811906 
1.903960197479224 
1.828605338706639 
1.720326014223194 
1.579206608139258 
1.403008130468112 
1.194576154937541 
0.958653258779495 
0.700773399878884 
0.426926971988335 
0.143391520093465 
-0.143391520093362 
-0.426926971988242 
-0.700773399878863 
-0.958653258780800 
-1.194576154938337 
-1.403008130468707 
-1.579206608140866 
-1.720326014224959 
-1.828605338712117 
-1.903960197483626 
-1.925265194818230 
-1.896941342916353 
-0.052056529892251 
0.008895962090645 
0.058286050932815 
0.080700805196315 
0.117316845902338 
0.167764131560769 
0.218252059278089 
0.264138096006861 
0.302744010101602 
0.332255642962687 
0.351950241560408 
0.361753530945913 
0.361753530947625 
0.351950241550572 
0.332255642960886 
0.302744010128554 
0.264138096020906 
0.218252059287698 
0.167764131580527 
0.117316845914162 
0.080700805216767 
0.058286050922321 
0.008895962099171 
-0.052056529890571 
1.899114103331802 
1.940126911729164 
1.916985830074995 
1.823490550650725 
1.712724600230435 
1.574274867197657 
1.399884323475831 
1.192668162892999 
0.957586488374496 
0.700224679171913 
0.426673693473185 
0.143318406496713 
-0.143318406496408 
-0.426673693473083 
-0.700224679172029 
-0.957586488378345 
-1.192668162895044 
-1.399884323477647 
-1.574274867204091 
-1.712724600235707 
-1.823490550658198 
-1.916985830086881 
-1.940126911753532 
-1.899114103334713 
-0.051792869449526 
0.007944133345562 
0.047121466548692 
0.071412408257650 
0.117982602521092 
0.167838110912733 
0.214896798277853 
0.259746899780131 
0.299141363113446 
0.329927701534755 
0.350739874584943 
0.361183324489397 
0.361183324493016 
0.350739874581143 
0.329927701534500 
0.299141363145144 
0.259746899794695 
0.214896798284046 
0.167838110931775 
0.117982602534258 
0.071412408310085 
0.047121466576028 
0.007944133347870 
-0.051792869449301 
1.900573657178305 
1.947116145990431 
1.917572333190388 
1.819313237938355 
1.712357165662096 
1.574482437452609 
1.399260681943338 
1.191820954680597 
0.956960642938623 
0.699867683562624 
0.426511137040101 
0.143274310446164 
-0.143274310446030 
-0.426511137040066 
-0.699867683563471 
-0.956960642943310 
-1.191820954682008 
-1.399260681944988 
-1.574482437457931 
-1.712357165669487 
-1.819313237956684 
-1.917572333197233 
-1.947116145999336 
-1.900573657179675 
-0.051293151978876 
0.003836843380594 
0.023659414937997 
0.060450439359912 
0.119556022445669 
0.161934047907892 
0.207492750403920 
0.255438853681763 
0.295825036199852 
0.325868318768271 
0.345998910463630 
0.356205742200000 
0.356205742193892 
0.345998910476414 
0.325868318762802 
0.295825036233005 
0.255438853716430 
0.207492750435323 
0.161934047958140 
0.119556022468531 
0.060450439429015 
0.023659415002859 
0.003836843357258 
-0.051293151982410 
1.903995688751985 
1.961435063659372 
1.917048957915438 
1.812858210366672 
1.712085797736909 
1.573141089738989 
1.397592427726800 
1.190764976989459 
0.956041823199503 
0.698982021020968 
0.425879051158911 
0.143050000651331 
-0.143050000651351 
-0.425879051159598 
-0.698982021022460 
-0.956041823205400 
-1.190764976993863 
-1.397592427736046 
-1.573141089751436 
-1.712085797748962 
-1.812858210382410 
-1.917048957902098 
-1.961435063645893 
-1.903995688752908 
-0.051287287922148 
0.002710960111503 
0.021272615445692 
0.060710833100348 
0.117652396157525 
0.158712436764280 
0.206169243750650 
0.254617261046352 
0.294602791334738 
0.324859191493987 
0.345613876670710 
0.356248400722725 
0.356248400718343 
0.345613876690002 
0.324859191489415 
0.294602791372898 
0.254617261080428 
0.206169243778296 
0.158712436812399 
0.117652396167210 
0.060710833153331 
0.021272615516105 
0.002710960101108 
-0.051287287924043 
1.904530811617417 
1.963541217391711 
1.917601466433540 
1.812901280725385 
1.711395037167914 
1.572148727900672 
1.397254598372510 
1.190607181312560 
0.955834117858177 
0.698827524503479 
0.425812232279126 
0.143034473440384 
-0.143034473440506 
-0.425812232280197 
-0.698827524505121 
-0.955834117864933 
-1.190607181316560 
-1.397254598380967 
-1.572148727911771 
-1.711395037174431 
-1.812901280734251 
-1.917601466424457 
-1.963541217388371 
-1.904530811620014 
-0.051342541188238 
0.000859332222088 
0.018712369087531 
0.062541127884271 
0.116000059383995 
0.155607211666880 
0.205683461213295 
0.254317408293341 
0.293423777527907 
0.323777317312435 
0.345137671903802 
0.356153662129613 
0.356153662125728 
0.345137671927993 
0.323777317307541 
0.293423777569747 
0.254317408323481 
0.205683461233373 
0.155607211713208 
0.116000059384478 
0.062541127920852 
0.018712369163766 
0.000859332223483 
-0.051342541188854 
1.905038556268548 
1.965092385681708 
1.917615375504285 
1.813524822194561 
1.710859230986525 
1.571162034481869 
1.397105203336189 
1.190549142062387 
0.955620439616377 
0.698649976807767 
0.425730015736413 
0.143013182956874 
-0.143013182957058 
-0.425730015737802 
-0.698649976809503 
-0.955620439623769 
-1.190549142065309 
-1.397105203342908 
-1.571162034491723 
-1.710859230989906 
-1.813524822195969 
-1.917615375499972 
-1.965092385691565 
-1.905038556273786 
-0.051351435729325 
0.000527059150209 
0.018247502831212 
0.062752384271341 
0.115645308910494 
0.155259294213661 
0.205720321620473 
0.254214818857660 
0.293206304961254 
0.323651258916828 
0.345089786286074 
0.356112642237852 
0.356112642232745 
0.345089786310383 
0.323651258911299 
0.293206305002473 
0.254214818887812 
0.205720321639363 
0.155259294260738 
0.115645308916295 
0.062752384307772 
0.018247502906178 
0.000527059151989 
-0.051351435729185 
1.905122639969472 
1.965335392102607 
1.917605381204296 
1.813601794093403 
1.710735286870045 
1.571043972607895 
1.397116066864512 
1.190533376204286 
0.955582271499625 
0.698627823111411 
0.425721277656382 
0.143010605888597 
-0.143010605888791 
-0.425721277657688 
-0.698627823113146 
-0.955582271507053 
-1.190533376206926 
-1.397116066871159 
-1.571043972618414 
-1.710735286874776 
-1.813601794093931 
-1.917605381202031 
-1.965335392117329 
-1.905122639975991 
-0.051269321454817 
0.001597620114197 
0.021569685106440 
0.067205677679421 
0.119690832807596 
0.158084236622597 
0.206506967577463 
0.252186232825516 
0.287960380763884 
0.315451183892066 
0.334664336561251 
0.344480169469681 
0.344480169463887 
0.334664336584478 
0.315451183884535 
0.287960380804241 
0.252186232854532 
0.206506967594460 
0.158084236669079 
0.119690832813473 
0.067205677715514 
0.021569685181451 
0.001597620116220 
-0.051269321454536 
1.905205757624720 
1.966070231357047 
1.919301874365187 
1.815573986095533 
1.712290490043534 
1.571943226599597 
1.397374040917922 
1.190220026319202 
0.954904473905094 
0.697873029042236 
0.425146963825158 
0.142797201963059 
-0.142797201963529 
-0.425146963826544 
-0.697873029044018 
-0.954904473912666 
-1.190220026321556 
-1.397374040924134 
-1.571943226610096 
-1.712290490048078 
-1.815573986095378 
-1.919301874364258 
-1.966070231374056 
-1.905205757631728 
-0.051261418921162 
0.001645580306558 
0.021761820963153 
0.067454805859276 
0.119701208512097 
0.158083008644510 
0.206475912460310 
0.251956629192466 
0.287580792928197 
0.314996227893524 
0.334139973005590 
0.343901032472058 
0.343901032466128 
0.334139973028431 
0.314996227885538 
0.287580792968489 
0.251956629220908 
0.206475912476914 
0.158083008691387 
0.119701208518557 
0.067454805895505 
0.021761821038216 
0.001645580309897 
-0.051261418920735 
1.905231692912559 
1.966192354559122 
1.919448691570342 
1.815693707244847 
1.712301474038266 
1.571940534788939 
1.397370580876913 
1.190183499429061 
0.954856820427469 
0.697833791576925 
0.425120840643364 
0.142787772091425 
-0.142787772091892 
-0.425120840644755 
-0.697833791578673 
-0.954856820435034 
-1.190183499431337 
-1.397370580883005 
-1.571940534799509 
-1.712301474043093 
-1.815693707244878 
-1.919448691570028 
-1.966192354577398 
-1.905231692919748 
-0.051256775694040 
0.001640765075917 
0.021800196126275 
0.067505014470705 
0.119504674416039 
0.157945916566155 
0.206416325368689 
0.251818972974808 
0.287441537814697 
0.314923742718434 
0.334100499923960 
0.343859108567412 
0.343859108561768 
0.334100499946476 
0.314923742709975 
0.287441537855385 
0.251818973002471 
0.206416325384758 
0.157945916613455 
0.119504674422296 
0.067505014506986 
0.021800196201953 
0.001640765082172 
-0.051256775693374 
1.905256971589336 
1.966290265200274 
1.919520125771279 
1.815725095821817 
1.712234935297141 
1.571895329909136 
1.397357675848738 
1.190160155238418 
0.954837202159635 
0.697826125464585 
0.425118615925215 
0.142787149697370 
-0.142787149697819 
-0.425118615926632 
-0.697826125466273 
-0.954837202167216 
-1.190160155240641 
-1.397357675854608 
-1.571895329919659 
-1.712234935302152 
-1.815725095822269 
-1.919520125771843 
-1.966290265220120 
-1.905256971596623 
-0.051202581171663 
0.001505990839213 
0.022074409314399 
0.067946570715578 
0.116936342853480 
0.156189957999896 
0.205680440663716 
0.250193503806744 
0.285916419602426 
0.314327080070727 
0.333972525071710 
0.343729528294506 
0.343729528289537 
0.333972525090141 
0.314327080054310 
0.285916419646541 
0.250193503825830 
0.205680440675029 
0.156189958050512 
0.116936342863973 
0.067946570754999 
0.022074409395763 
0.001505990872198 
-0.051202581168629 
1.905575071530175 
1.967491702333300 
1.920317548013388 
1.816032051150269 
1.711359968682270 
1.571316505260050 
1.397197052171016 
1.189882601659258 
0.954617329853431 
0.697756144750439 
0.425108946428279 
0.142785829143257 
-0.142785829143450 
-0.425108946429935 
-0.697756144751173 
-0.954617329861218 
-1.189882601660703 
-1.397197052174882 
-1.571316505270251 
-1.711359968691201 
-1.816032051155434 
-1.920317548024995 
-1.967491702373225 
-1.905575071539771 
-0.051168403262791 
0.001191070570915 
0.021745292322496 
0.068026341491523 
0.115078025709190 
0.155071948896630 
0.205236408090073 
0.249073897082728 
0.284979193134501 
0.314098051184146 
0.334037092212886 
0.343760653334447 
0.343760653328081 
0.334037092229457 
0.314098051169083 
0.284979193179478 
0.249073897101421 
0.205236408100239 
0.155071948956094 
0.115078025738019 
0.068026341534585 
0.021745292384344 
0.001191070595847 
-0.051168403258940 
1.905840154588233 
1.968409006132591 
1.920713476843531 
1.816147056513955 
1.710726206413083 
1.570940922831377 
1.397104800271177 
1.189690070552631 
0.954478446692205 
0.697725799527347 
0.425112130095939 
0.142787462317792 
-0.142787462318039 
-0.425112130097299 
-0.697725799528466 
-0.954478446700140 
-1.189690070553454 
-1.397104800275625 
-1.570940922844325 
-1.710726206427546 
-1.816147056520403 
-1.920713476852619 
-1.968409006180445 
-1.905840154600587 
-0.051133409226023 
0.000325130540288 
0.020251705352950 
0.067814413909574 
0.112945890649042 
0.154112971164451 
0.204872749773331 
0.247724555940667 
0.283995777182299 
0.313915208231774 
0.333992026656546 
0.343555320273750 
0.343555320274901 
0.333992026670028 
0.313915208212494 
0.283995777239693 
0.247724555956785 
0.204872749781020 
0.154112971226880 
0.112945890658180 
0.067814413955164 
0.020251705436821 
0.000325130628145 
-0.051133409217833 
1.906257643272443 
1.969697827402041 
1.920864386955869 
1.816143247125235 
1.709995089733814 
1.570598792806180 
1.397044891371130 
1.189456666202128 
0.954329857876774 
0.697704581918578 
0.425114631702504 
0.142786392679529 
-0.142786392679486 
-0.425114631704685 
-0.697704581918717 
-0.954329857885833 
-1.189456666204437 
-1.397044891372217 
-1.570598792816848 
-1.709995089746791 
-1.816143247140308 
-1.920864386983643 
-1.969697827475460 
-1.906257643284738 
-0.051129195645257 
0.000320475181872 
0.020291576186855 
0.068018064865340 
0.113161693422763 
0.154293620211208 
0.204919543837945 
0.247604412017302 
0.283730309912340 
0.313487675923207 
0.333418586574024 
0.342904939302124 
0.342904939303299 
0.333418586587782 
0.313487675903831 
0.283730309969629 
0.247604412033740 
0.204919543846034 
0.154293620274282 
0.113161693433563 
0.068018064911738 
0.020291576268779 
0.000320475268203 
-0.051129195637175 
1.906276109807814 
1.969766729505003 
1.920917970092212 
1.816228366417226 
1.710072629704801 
1.570653920196096 
1.397061183337360 
1.189438660999895 
0.954297111087318 
0.697667752712621 
0.425085657890175 
0.142775619554323 
-0.142775619554293 
-0.425085657892371 
-0.697667752712762 
-0.954297111096387 
-1.189438661002252 
-1.397061183338559 
-1.570653920206976 
-1.710072629718360 
-1.816228366432504 
-1.920917970119540 
-1.969766729578834 
-1.906276109820337 
-0.051128149004770 
-0.000006808857704 
0.019575078077787 
0.067861314916727 
0.113157988214093 
0.154465500496994 
0.204954282536168 
0.247552010356977 
0.283807941676906 
0.313513709952093 
0.333287400397260 
0.342708501858492 
0.342708501861116 
0.333287400412700 
0.313513709930769 
0.283807941737802 
0.247552010374377 
0.204954282545650 
0.154465500564319 
0.113157988227650 
0.067861314967373 
0.019575078153482 
-0.000006808768937 
-0.051128148997917 
1.906356627936775 
1.969941420500661 
1.920731776547318 
1.816153251134139 
1.710066871044096 
1.570701842719831 
1.397076758940408 
1.189426873184545 
0.954305685213301 
0.697673354023749 
0.425080928970863 
0.142772525128668 
-0.142772525128547 
-0.425080928973465 
-0.697673354023412 
-0.954305685222827 
-1.189426873187651 
-1.397076758940829 
-1.570701842731788 
-1.710066871060446 
-1.816153251151477 
-1.920731776570524 
-1.969941420572735 
-1.906356627948327 
-0.051122583082568 
-0.000199390170574 
0.019190226248597 
0.067821543786471 
0.113047382638341 
0.154464366282917 
0.204902332747134 
0.247467334515715 
0.283824544820154 
0.313502065887662 
0.333198874789216 
0.342613039483414 
0.342613039484025 
0.333198874804803 
0.313502065868069 
0.283824544880040 
0.247467334536073 
0.204902332760371 
0.154464366350658 
0.113047382662257 
0.067821543842022 
0.019190226323665 
-0.000199390085612 
-0.051122583073674 
1.906415848928411 
1.970083917279543 
1.920657419489061 
1.816136804370315 
1.710027943179656 
1.570698369222824 
1.397068407080685 
1.189409340424655 
0.954306529620771 
0.697674120368268 
0.425076976291665 
0.142770655948879 
-0.142770655948868 
-0.425076976293933 
-0.697674120368383 
-0.954306529630261 
-1.189409340427687 
-1.397068407083247 
-1.570698369235193 
-1.710027943197910 
-1.816136804389684 
-1.920657419522211 
-1.970083917367044 
-1.906415848944314 
