-0.049799418063284 
0.002232320514081 
0.023893058084567 
0.065767055157501 
0.119411174159844 
0.160152065383477 
0.205816919017589 
0.248526312862759 
0.281928652240989 
0.306680717759612 
0.323368949350249 
0.331762469186699 
0.331762469183169 
0.323368949359751 
0.306680717761503 
0.281928652280152 
0.248526312897757 
0.205816919045811 
0.160152065443060 
0.119411174206986 
0.065767055208680 
0.023893058148612 
0.002232320550136 
-0.049799418059026 
2.022707046330484 
2.078041749456990 
2.032465285112824 
1.931707816602511 
1.823804623595300 
1.674498444589795 
1.487467035387397 
1.266506876991772 
1.016171119855625 
0.742698512774188 
0.452448879464839 
0.151963403370990 
-0.151963403371290 
-0.452448879465604 
-0.742698512776155 
-1.016171119861724 
-1.266506876996440 
-1.487467035395056 
-1.674498444606061 
-1.823804623612701 
-1.931707816626707 
-2.032465285168874 
-2.078041749520456 
-2.022707046341167 
