-0.045133007144072 
-0.000611882231816 
0.019684208336738 
0.063240219473505 
0.111152353939747 
0.156019425131167 
0.200705377604039 
0.235194639510598 
0.261343799311727 
0.279990538945184 
0.291391321790449 
0.296721253945343 
0.296721253945563 
0.291391321797661 
0.279990538941156 
0.261343799344243 
0.235194639540593 
0.200705377633848 
0.156019425178243 
0.111152353982402 
0.063240219540345 
0.019684208388057 
-0.000611882169063 
-0.045133007138067 
2.455186722059238 
2.503288802569223 
2.452566770625503 
2.354742723965425 
2.224232152794600 
2.041481235543525 
1.813058951034368 
1.542763973378187 
1.237425108573695 
0.904214135815368 
0.550713616496669 
0.184939224310689 
-0.184939224310572 
-0.550713616496909 
-0.904214135814799 
-1.237425108575677 
-1.542763973380329 
-1.813058951038786 
-2.041481235554614 
-2.224232152807783 
-2.354742724004975 
-2.452566770715156 
-2.503288802679802 
-2.455186722078826 
