-0.048422319379831 
0.001463825006427 
0.023739364197470 
0.064629939630407 
0.118810587083859 
0.160707470184082 
0.204702201375156 
0.244938284394245 
0.276061009689931 
0.298474362603943 
0.313084065800772 
0.320279611455254 
0.320279611457797 
0.313084065806376 
0.298474362607071 
0.276061009730584 
0.244938284428211 
0.204702201413565 
0.160707470247335 
0.118810587174653 
0.064629939708108 
0.023739364229566 
0.001463825005485 
-0.048422319379320 
2.152072908054758 
2.203380111634534 
2.157684310014308 
2.058776414587305 
1.945241189735830 
1.785749504905952 
1.585688547947273 
1.349870684288906 
1.083069182252777 
0.791584999731748 
0.482197436444452 
0.161945960531359 
-0.161945960531626 
-0.482197436444843 
-0.791584999733405 
-1.083069182258054 
-1.349870684293209 
-1.585688547955515 
-1.785749504925445 
-1.945241189766596 
-2.058776414624000 
-2.157684310089493 
-2.203380111698581 
-2.152072908065536 
