-0.062764643226385 
0.001438659664339 
0.066389115446957 
0.123917805364337 
0.174212739208781 
0.224070322308570 
0.274348070166030 
0.322012236267791 
0.363815606741973 
0.397229648129322 
0.420460273013505 
0.432357290775162 
0.432357290770342 
0.420460273007949 
0.397229648134380 
0.363815606750471 
0.322012236273212 
0.274348070165855 
0.224070322312683 
0.174212739210225 
0.123917805369363 
0.066389115449911 
0.001438659664716 
-0.062764643226336 
1.349863665423195 
1.369088810214760 
1.357331007062540 
1.305927525795194 
1.224651848002195 
1.121328384902172 
0.995903285668684 
0.848660029163688 
0.681848741650342 
0.498971148829131 
0.304228580344430 
0.102224042107102 
-0.102224042106825 
-0.304228580344177 
-0.498971148829989 
-0.681848741651972 
-0.848660029164545 
-0.995903285669041 
-1.121328384903741 
-1.224651848003742 
-1.305927525800820 
-1.357331007066486 
-1.369088810216034 
-1.349863665423359 
-0.062742033737128 
0.001831618496642 
0.067742647936090 
0.125390646609047 
0.174723857458234 
0.223660611561873 
0.273231922484195 
0.320225821087163 
0.361368703325881 
0.394198579308204 
0.416994279766090 
0.428659553290447 
0.428659553284870 
0.416994279759846 
0.394198579314118 
0.361368703336101 
0.320225821093882 
0.273231922484519 
0.223660611566603 
0.174723857460372 
0.125390646615147 
0.067742647940094 
0.001831618497140 
-0.062742033737084 
1.349966328148435 
1.370169323405214 
1.359674987571612 
1.307553156299963 
1.225050955980359 
1.121174574091422 
0.995536325751596 
0.848185770362901 
0.681345381692446 
0.498526983953370 
0.303924693434209 
0.102116166446402 
-0.102116166446036 
-0.303924693433955 
-0.498526983954500 
-0.681345381694463 
-0.848185770364032 
-0.995536325752163 
-1.121174574093238 
-1.225050955982349 
-1.307553156306890 
-1.359674987576868 
-1.370169323406633 
-1.349966328148597 
-0.062637826844021 
0.003470514017463 
0.072374255045684 
0.127525977141010 
0.170116285972049 
0.214935871180304 
0.263910048281354 
0.312349866541361 
0.355806095015005 
0.391023508258662 
0.415716447455849 
0.428420448314394 
0.428420448305002 
0.415716447445540 
0.391023508269323 
0.355806095032405 
0.312349866553517 
0.263910048282103 
0.214935871189276 
0.170116285977364 
0.127525977152769 
0.072374255053294 
0.003470514018408 
-0.062637826843945 
1.350458411656326 
1.375043283869875 
1.369003361754537 
1.311515279062824 
1.222744369908312 
1.117261730060134 
0.992280974323786 
0.846022184054493 
0.680111214806153 
0.497928285182316 
0.303689018520132 
0.102059137450947 
-0.102059137450284 
-0.303689018519760 
-0.497928285184471 
-0.680111214809656 
-0.846022184056601 
-0.992280974324792 
-1.117261730063685 
-1.222744369912608 
-1.311515279075814 
-1.369003361764662 
-1.375043283872615 
-1.350458411656608 
-0.062530842234092 
0.005072614953128 
0.076208754800598 
0.127563899342645 
0.163786457628625 
0.205655878965772 
0.254787647369874 
0.305221436196529 
0.351586338913160 
0.389827341670809 
0.416959367574354 
0.431012776294146 
0.431012776282217 
0.416959367562167 
0.389827341683613 
0.351586338938555 
0.305221436214399 
0.254787647372754 
0.205655878978998 
0.163786457635810 
0.127563899361865 
0.076208754810165 
0.005072614953951 
-0.062530842233985 
1.350976952287001 
1.380060975072258 
1.377845613698133 
1.314067882562999 
1.219532090699549 
1.113109885354597 
0.989078694360825 
0.844044159127361 
0.679135420257438 
0.497600381636717 
0.303659953574895 
0.102079416085429 
-0.102079416084646 
-0.303659953574476 
-0.497600381639346 
-0.679135420262672 
-0.844044159130606 
-0.989078694362801 
-1.113109885359840 
-1.219532090705888 
-1.314067882582015 
-1.377845613710688 
-1.380060975076162 
-1.350976952287471 
-0.062367708752334 
0.006935405629952 
0.076048684602892 
0.117149278467917 
0.152897851881007 
0.199209421606098 
0.249860327630986 
0.300575421547710 
0.347781964868502 
0.387631704088591 
0.416475973061752 
0.431605823787094 
0.431605823768688 
0.416475973051338 
0.387631704114403 
0.347781964896781 
0.300575421571597 
0.249860327636216 
0.199209421632047 
0.152897851896799 
0.117149278489577 
0.076048684623615 
0.006935405634127 
-0.062367708752264 
1.351860579524761 
1.387977238010770 
1.387577354590221 
1.311943267474021 
1.214763255258774 
1.110316601016367 
0.987416906524683 
0.842913071402619 
0.678453638239966 
0.497346848929734 
0.303657871498744 
0.102110464375279 
-0.102110464374252 
-0.303657871499066 
-0.497346848934071 
-0.678453638245349 
-0.842913071407334 
-0.987416906527954 
-1.110316601026766 
-1.214763255269334 
-1.311943267501602 
-1.387577354620125 
-1.387977238016475 
-1.351860579524726 
-0.062035477071154 
0.009899496104243 
0.070425903425310 
0.092070503029385 
0.134804318293137 
0.192060867950427 
0.244517400041778 
0.294535981984139 
0.342027623728220 
0.382976606163092 
0.412923473806746 
0.428699965615761 
0.428699965598621 
0.412923473811937 
0.382976606201331 
0.342027623742223 
0.294535982026637 
0.244517400063175 
0.192060867993610 
0.134804318320198 
0.092070503127533 
0.070425903516290 
0.009899496077939 
-0.062035477074165 
1.353711701949459 
1.403743643066950 
1.403385971329117 
1.304607513395427 
1.206852301316923 
1.107205736431117 
0.985706992241854 
0.841529964718670 
0.677494554753035 
0.496850512217176 
0.303468684481400 
0.102068110384260 
-0.102068110384574 
-0.303468684482281 
-0.496850512222759 
-0.677494554755100 
-0.841529964727957 
-0.985706992252825 
-1.107205736446752 
-1.206852301339386 
-1.304607513469583 
-1.403385971318495 
-1.403743643029453 
-1.353711701951338 
-0.061920769578565 
0.009327952486689 
0.062280466461968 
0.082960000951159 
0.134150478745803 
0.192721642880139 
0.242854290263562 
0.292693878761346 
0.340983743355674 
0.381784595807102 
0.410910354215436 
0.426047154982535 
0.426047154963573 
0.410910354225927 
0.381784595842253 
0.340983743376266 
0.292693878823707 
0.242854290309413 
0.192721642957146 
0.134150478760883 
0.082960001005306 
0.062280466548705 
0.009327952464487 
-0.061920769581646 
1.354576711783065 
1.409502449627693 
1.405568656059022 
1.300584321269949 
1.206505665329867 
1.107800339132311 
0.985197446930248 
0.840956519085937 
0.677242733026599 
0.496648324067129 
0.303248606315180 
0.101967443282611 
-0.101967443283373 
-0.303248606316205 
-0.496648324072769 
-0.677242733030310 
-0.840956519101707 
-0.985197446952044 
-1.107800339161024 
-1.206505665347833 
-1.300584321323137 
-1.405568656047256 
-1.409502449589120 
-1.354576711783397 
-0.061661963482473 
0.007086933108967 
0.043855018366625 
0.069572503883297 
0.137043554849853 
0.191765625235023 
0.236535527181663 
0.288759743503643 
0.338896818210428 
0.378513572299618 
0.406407881247910 
0.421237760297474 
0.421237760296006 
0.406407881288259 
0.378513572353688 
0.338896818249355 
0.288759743575403 
0.236535527193007 
0.191765625319923 
0.137043554879744 
0.069572503900105 
0.043855018439675 
0.007086933123390 
-0.061661963482423 
1.356685112731145 
1.421981470794519 
1.408160440359712 
1.293214321262143 
1.207947252856667 
1.108257891241908 
0.982932137439098 
0.839574253083913 
0.676567756937156 
0.495851327471655 
0.302537674360282 
0.101695702730349 
-0.101695702733213 
-0.302537674366575 
-0.495851327479793 
-0.676567756946577 
-0.839574253102155 
-0.982932137447441 
-1.108257891278559 
-1.207947252878595 
-1.293214321306205 
-1.408160440423046 
-1.421981470818465 
-1.356685112734257 
-0.061555456845130 
0.004588060177151 
0.032384267192465 
0.066057793010806 
0.138855216779817 
0.186255576799370 
0.230917525336269 
0.286831777874113 
0.337072316861458 
0.376143484053926 
0.404802832756294 
0.420313652964551 
0.420313652963671 
0.404802832766012 
0.376143484077975 
0.337072316903430 
0.286831777973851 
0.230917525353375 
0.186255576904183 
0.138855216797593 
0.066057792987757 
0.032384267258027 
0.004588060212937 
-0.061555456842690 
1.358047669808422 
1.429077412097925 
1.409309477633267 
1.291675161964583 
1.209214903853620 
1.106180784431642 
0.980777642681625 
0.838954654706208 
0.676109308633137 
0.495307863214505 
0.302219758175572 
0.101604148085964 
-0.101604148088386 
-0.302219758179346 
-0.495307863216429 
-0.676109308646551 
-0.838954654732504 
-0.980777642693890 
-1.106180784477428 
-1.209214903863812 
-1.291675161997914 
-1.409309477732623 
-1.429077412157997 
-1.358047669814659 
-0.061489122813050 
0.002058095511264 
0.024051541085576 
0.067604065665889 
0.141098616381334 
0.180061268689198 
0.226785188645203 
0.286255787557586 
0.335271708620396 
0.373685642756566 
0.403432657930656 
0.419561413462965 
0.419561413464780 
0.403432657915751 
0.373685642755312 
0.335271708659605 
0.286255787670350 
0.226785188658219 
0.180061268822110 
0.141098616421406 
0.067604065633341 
0.024051541144052 
0.002058095568199 
-0.061489122807859 
1.359162686621697 
1.434042097800174 
1.409203554272679 
1.292118637894768 
1.210700699155094 
1.103664870994881 
0.979113194482761 
0.838752073052708 
0.675606156286041 
0.494667862130021 
0.301876706185835 
0.101505390110427 
-0.101505390112589 
-0.301876706188139 
-0.494667862126422 
-0.675606156302019 
-0.838752073082105 
-0.979113194495801 
-1.103664871054634 
-1.210700699171776 
-1.292118637933928 
-1.409203554407495 
-1.434042097897268 
-1.359162686631591 
-0.061461380668323 
0.001581889862092 
0.022422750265681 
0.067564579630308 
0.139883817846251 
0.177336300116802 
0.225713824245807 
0.285824326036154 
0.334158783043223 
0.372799153772069 
0.403148288598692 
0.419398697166867 
0.419398697170609 
0.403148288583126 
0.372799153767840 
0.334158783079611 
0.285824326151485 
0.225713824257753 
0.177336300257593 
0.139883817900537 
0.067564579610710 
0.022422750325964 
0.001581889915653 
-0.061461380663469 
1.359520016863878 
1.435931624425336 
1.410276007854574 
1.292464295935915 
1.210270597322350 
1.102450489209533 
0.978701535721563 
0.838683043505241 
0.675354258887857 
0.494473853362695 
0.301815016649782 
0.101491405946875 
-0.101491405949296 
-0.301815016652075 
-0.494473853358271 
-0.675354258903904 
-0.838683043535041 
-0.978701535734753 
-1.102450489273121 
-1.210270597346492 
-1.292464295984354 
-1.410276007988541 
-1.435931624520741 
-1.359520016874004 
-0.061454003392701 
0.001132343376043 
0.021329186779737 
0.067726747683148 
0.139153297056536 
0.176300332773032 
0.225809035750936 
0.285663619317240 
0.333487242153817 
0.372533804507179 
0.403056964205342 
0.419036031033723 
0.419036031037072 
0.403056964194788 
0.372533804513024 
0.333487242196303 
0.285663619427791 
0.225809035760057 
0.176300332907794 
0.139153297098591 
0.067726747661057 
0.021329186842455 
0.001132343438486 
-0.061454003386662 
1.359713995540943 
1.436799228854440 
1.410551189170654 
1.292609579920245 
1.209968072497903 
1.101971982640893 
0.978750969277402 
0.838677989952178 
0.675174662119842 
0.494390997392069 
0.301792717305678 
0.101477900039429 
-0.101477900041612 
-0.301792717309575 
-0.494390997389223 
-0.675174662137045 
-0.838677989980583 
-0.978750969289903 
-1.101971982700199 
-1.209968072513718 
-1.292609579970969 
-1.410551189315755 
-1.436799228962400 
-1.359713995552668 
-0.061412100479239 
0.001751475369401 
0.023371475722431 
0.070317727306532 
0.141267880728150 
0.177591280377653 
0.226118582680371 
0.284907881102371 
0.331218574891268 
0.368787520595661 
0.398243282727716 
0.413607992963295 
0.413607992966325 
0.398243282717498 
0.368787520601692 
0.331218574934080 
0.284907881212571 
0.226118582686321 
0.177591280512036 
0.141267880771623 
0.070317727286243 
0.023371475784734 
0.001751475431421 
-0.061412100473119 
1.359777739002738 
1.437379773356560 
1.411861123158495 
1.294071918331577 
1.211094912049433 
1.102557280646677 
0.978886431225709 
0.838471700691020 
0.674650943702495 
0.493740489846235 
0.301270934091359 
0.101278971263410 
-0.101278971265540 
-0.301270934095448 
-0.493740489843869 
-0.674650943720370 
-0.838471700719179 
-0.978886431236944 
-1.102557280706268 
-1.211094912066056 
-1.294071918382425 
-1.411861123303786 
-1.437379773465856 
-1.359777739014796 
-0.061409973939498 
0.001735374795162 
0.023390577995850 
0.070401394001415 
0.141087381351524 
0.177507015705025 
0.226233033739880 
0.284868830663960 
0.331076034586792 
0.368740077360871 
0.398219159296585 
0.413526192446169 
0.413526192449409 
0.398219159288967 
0.368740077369535 
0.331076034629267 
0.284868830774115 
0.226233033743028 
0.177507015830651 
0.141087381388335 
0.070401393980162 
0.023390578058465 
0.001735374857140 
-0.061409973933083 
1.359794517343526 
1.437448977032768 
1.411921297608318 
1.294122195953604 
1.211007734186853 
1.102513010411107 
0.978931991925858 
0.838467414340354 
0.674614037383036 
0.493728745838334 
0.301269929649629 
0.101277613162994 
-0.101277613165245 
-0.301269929653942 
-0.493728745836448 
-0.674614037400888 
-0.838467414368361 
-0.978931991935893 
-1.102513010467511 
-1.211007734200053 
-1.294122196003042 
-1.411921297756808 
-1.437448977146407 
-1.359794517356458 
-0.061379446665798 
0.001396461282285 
0.023462393809808 
0.071529076121688 
0.137996241338040 
0.176035073562475 
0.228037710754482 
0.284277592045100 
0.328996536045408 
0.368342221777010 
0.398265512526141 
0.412694210383591 
0.412694210398893 
0.398265512551634 
0.368342221808516 
0.328996536083933 
0.284277592138096 
0.228037710742346 
0.176035073688543 
0.137996241420217 
0.071529076153423 
0.023462393862276 
0.001396461315531 
-0.061379446663090 
1.360064370795315 
1.438522769085634 
1.412755656385381 
1.294807181622169 
1.209508473618882 
1.101749128848411 
0.979650793187654 
0.838405696430704 
0.674065859129402 
0.493601228820759 
0.301299406437953 
0.101272453266830 
-0.101272453270360 
-0.301299406446482 
-0.493601228822267 
-0.674065859145566 
-0.838405696453766 
-0.979650793190534 
-1.101749128906241 
-1.209508473659785 
-1.294807181696526 
-1.412755656510902 
-1.438522769170338 
-1.360064370804907 
-0.061360879273110 
0.001043830664841 
0.023184359803365 
0.072183628986889 
0.135873670209869 
0.174995874512105 
0.229132397817040 
0.283785602812135 
0.327783711752636 
0.368357050925617 
0.398511019262449 
0.412393534515517 
0.412393534526862 
0.398511019310565 
0.368357050987819 
0.327783711788303 
0.283785602916908 
0.229132397773129 
0.174995874503082 
0.135873670171185 
0.072183628985724 
0.023184359865101 
0.001043830707171 
-0.061360879264557 
1.360263477995560 
1.439262925803715 
1.413184251723439 
1.295215817862107 
1.208484448665938 
1.101213307825517 
0.980090299987915 
0.838324837502837 
0.673733362377594 
0.493568955646075 
0.301342177050225 
0.101274603864162 
-0.101274603868681 
-0.301342177060028 
-0.493568955653647 
-0.673733362394410 
-0.838324837527337 
-0.980090299977179 
-1.101213307833641 
-1.208484448643303 
-1.295215817906103 
-1.413184251907176 
-1.439262925966305 
-1.360263478019990 
-0.061345738449139 
0.000461008030002 
0.022163881040414 
0.072733085755951 
0.134601313302140 
0.174316491455055 
0.229535743640306 
0.282976009049976 
0.327159559641320 
0.368614388661989 
0.398503680913530 
0.412113046906250 
0.412113046903806 
0.398503680952551 
0.368614388724723 
0.327159559632180 
0.282976009141500 
0.229535743565483 
0.174316491320754 
0.134601313149736 
0.072733085695827 
0.022163881071943 
0.000461008083343 
-0.061345738429302 
1.360483643929953 
1.439981983606791 
1.413261763505981 
1.295569755296634 
1.207892608355387 
1.100858476473418 
0.980268802232161 
0.838099741030923 
0.673539335037042 
0.493614895828746 
0.301357815176210 
0.101262318340336 
-0.101262318345045 
-0.301357815181781 
-0.493614895837754 
-0.673539335044746 
-0.838099741046889 
-0.980268802211245 
-1.100858476440427 
-1.207892608266810 
-1.295569755293052 
-1.413261763775972 
-1.439981983908186 
-1.360483643981287 
-0.062764643226385 
0.001438659664339 
0.066389115446957 
0.123917805364337 
0.174212739208781 
0.224070322308570 
0.274348070166030 
0.322012236267791 
0.363815606741973 
0.397229648129322 
0.420460273013505 
0.432357290775162 
0.432357290770342 
0.420460273007949 
0.397229648134380 
0.363815606750471 
0.322012236273212 
0.274348070165855 
0.224070322312683 
0.174212739210225 
0.123917805369363 
0.066389115449911 
0.001438659664716 
-0.062764643226336 
1.349863665423195 
1.369088810214760 
1.357331007062540 
1.305927525795194 
1.224651848002195 
1.121328384902172 
0.995903285668684 
0.848660029163688 
0.681848741650342 
0.498971148829131 
0.304228580344430 
0.102224042107102 
-0.102224042106825 
-0.304228580344177 
-0.498971148829989 
-0.681848741651972 
-0.848660029164545 
-0.995903285669041 
-1.121328384903741 
-1.224651848003742 
-1.305927525800820 
-1.357331007066486 
-1.369088810216034 
-1.349863665423359 
-0.062742033737128 
0.001831618496642 
0.067742647936090 
0.125390646609047 
0.174723857458234 
0.223660611561873 
0.273231922484195 
0.320225821087163 
0.361368703325881 
0.394198579308204 
0.416994279766090 
0.428659553290447 
0.428659553284870 
0.416994279759846 
0.394198579314118 
0.361368703336101 
0.320225821093882 
0.273231922484519 
0.223660611566603 
0.174723857460372 
0.125390646615147 
0.067742647940094 
0.001831618497140 
-0.062742033737084 
1.349966328148435 
1.370169323405214 
1.359674987571612 
1.307553156299963 
1.225050955980359 
1.121174574091422 
0.995536325751596 
0.848185770362901 
0.681345381692446 
0.498526983953370 
0.303924693434209 
0.102116166446402 
-0.102116166446036 
-0.303924693433955 
-0.498526983954500 
-0.681345381694463 
-0.848185770364032 
-0.995536325752163 
-1.121174574093238 
-1.225050955982349 
-1.307553156306890 
-1.359674987576868 
-1.370169323406633 
-1.349966328148597 
-0.062637826844021 
0.003470514017463 
0.072374255045684 
0.127525977141010 
0.170116285972049 
0.214935871180304 
0.263910048281354 
0.312349866541361 
0.355806095015005 
0.391023508258662 
0.415716447455849 
0.428420448314394 
0.428420448305002 
0.415716447445540 
0.391023508269323 
0.355806095032405 
0.312349866553517 
0.263910048282103 
0.214935871189276 
0.170116285977364 
0.127525977152769 
0.072374255053294 
0.003470514018408 
-0.062637826843945 
1.350458411656326 
1.375043283869875 
1.369003361754537 
1.311515279062824 
1.222744369908312 
1.117261730060134 
0.992280974323786 
0.846022184054493 
0.680111214806153 
0.497928285182316 
0.303689018520132 
0.102059137450947 
-0.102059137450284 
-0.303689018519760 
-0.497928285184471 
-0.680111214809656 
-0.846022184056601 
-0.992280974324792 
-1.117261730063685 
-1.222744369912608 
-1.311515279075814 
-1.369003361764662 
-1.375043283872615 
-1.350458411656608 
-0.062530842234092 
0.005072614953128 
0.076208754800598 
0.127563899342645 
0.163786457628625 
0.205655878965772 
0.254787647369874 
0.305221436196529 
0.351586338913160 
0.389827341670809 
0.416959367574354 
0.431012776294146 
0.431012776282217 
0.416959367562167 
0.389827341683613 
0.351586338938555 
0.305221436214399 
0.254787647372754 
0.205655878978998 
0.163786457635810 
0.127563899361865 
0.076208754810165 
0.005072614953951 
-0.062530842233985 
1.350976952287001 
1.380060975072258 
1.377845613698133 
1.314067882562999 
1.219532090699549 
1.113109885354597 
0.989078694360825 
0.844044159127361 
0.679135420257438 
0.497600381636717 
0.303659953574895 
0.102079416085429 
-0.102079416084646 
-0.303659953574476 
-0.497600381639346 
-0.679135420262672 
-0.844044159130606 
-0.989078694362801 
-1.113109885359840 
-1.219532090705888 
-1.314067882582015 
-1.377845613710688 
-1.380060975076162 
-1.350976952287471 
-0.062367708752334 
0.006935405629952 
0.076048684602892 
0.117149278467917 
0.152897851881007 
0.199209421606098 
0.249860327630986 
0.300575421547710 
0.347781964868502 
0.387631704088591 
0.416475973061752 
0.431605823787094 
0.431605823768688 
0.416475973051338 
0.387631704114403 
0.347781964896781 
0.300575421571597 
0.249860327636216 
0.199209421632047 
0.152897851896799 
0.117149278489577 
0.076048684623615 
0.006935405634127 
-0.062367708752264 
1.351860579524761 
1.387977238010770 
1.387577354590221 
1.311943267474021 
1.214763255258774 
1.110316601016367 
0.987416906524683 
0.842913071402619 
0.678453638239966 
0.497346848929734 
0.303657871498744 
0.102110464375279 
-0.102110464374252 
-0.303657871499066 
-0.497346848934071 
-0.678453638245349 
-0.842913071407334 
-0.987416906527954 
-1.110316601026766 
-1.214763255269334 
-1.311943267501602 
-1.387577354620125 
-1.387977238016475 
-1.351860579524726 
-0.062035477071154 
0.009899496104243 
0.070425903425310 
0.092070503029385 
0.134804318293137 
0.192060867950427 
0.244517400041778 
0.294535981984139 
0.342027623728220 
0.382976606163092 
0.412923473806746 
0.428699965615761 
0.428699965598621 
0.412923473811937 
0.382976606201331 
0.342027623742223 
0.294535982026637 
0.244517400063175 
0.192060867993610 
0.134804318320198 
0.092070503127533 
0.070425903516290 
0.009899496077939 
-0.062035477074165 
1.353711701949459 
1.403743643066950 
1.403385971329117 
1.304607513395427 
1.206852301316923 
1.107205736431117 
0.985706992241854 
0.841529964718670 
0.677494554753035 
0.496850512217176 
0.303468684481400 
0.102068110384260 
-0.102068110384574 
-0.303468684482281 
-0.496850512222759 
-0.677494554755100 
-0.841529964727957 
-0.985706992252825 
-1.107205736446752 
-1.206852301339386 
-1.304607513469583 
-1.403385971318495 
-1.403743643029453 
-1.353711701951338 
-0.061920769578565 
0.009327952486689 
0.062280466461968 
0.082960000951159 
0.134150478745803 
0.192721642880139 
0.242854290263562 
0.292693878761346 
0.340983743355674 
0.381784595807102 
0.410910354215436 
0.426047154982535 
0.426047154963573 
0.410910354225927 
0.381784595842253 
0.340983743376266 
0.292693878823707 
0.242854290309413 
0.192721642957146 
0.134150478760883 
0.082960001005306 
0.062280466548705 
0.009327952464487 
-0.061920769581646 
1.354576711783065 
1.409502449627693 
1.405568656059022 
1.300584321269949 
1.206505665329867 
1.107800339132311 
0.985197446930248 
0.840956519085937 
0.677242733026599 
0.496648324067129 
0.303248606315180 
0.101967443282611 
-0.101967443283373 
-0.303248606316205 
-0.496648324072769 
-0.677242733030310 
-0.840956519101707 
-0.985197446952044 
-1.107800339161024 
-1.206505665347833 
-1.300584321323137 
-1.405568656047256 
-1.409502449589120 
-1.354576711783397 
-0.061661963482473 
0.007086933108967 
0.043855018366625 
0.069572503883297 
0.137043554849853 
0.191765625235023 
0.236535527181663 
0.288759743503643 
0.338896818210428 
0.378513572299618 
0.406407881247910 
0.421237760297474 
0.421237760296006 
0.406407881288259 
0.378513572353688 
0.338896818249355 
0.288759743575403 
0.236535527193007 
0.191765625319923 
0.137043554879744 
0.069572503900105 
0.043855018439675 
0.007086933123390 
-0.061661963482423 
1.356685112731145 
1.421981470794519 
1.408160440359712 
1.293214321262143 
1.207947252856667 
1.108257891241908 
0.982932137439098 
0.839574253083913 
0.676567756937156 
0.495851327471655 
0.302537674360282 
0.101695702730349 
-0.101695702733213 
-0.302537674366575 
-0.495851327479793 
-0.676567756946577 
-0.839574253102155 
-0.982932137447441 
-1.108257891278559 
-1.207947252878595 
-1.293214321306205 
-1.408160440423046 
-1.421981470818465 
-1.356685112734257 
-0.061555456845130 
0.004588060177151 
0.032384267192465 
0.066057793010806 
0.138855216779817 
0.186255576799370 
0.230917525336269 
0.286831777874113 
0.337072316861458 
0.376143484053926 
0.404802832756294 
0.420313652964551 
0.420313652963671 
0.404802832766012 
0.376143484077975 
0.337072316903430 
0.286831777973851 
0.230917525353375 
0.186255576904183 
0.138855216797593 
0.066057792987757 
0.032384267258027 
0.004588060212937 
-0.061555456842690 
1.358047669808422 
1.429077412097925 
1.409309477633267 
1.291675161964583 
1.209214903853620 
1.106180784431642 
0.980777642681625 
0.838954654706208 
0.676109308633137 
0.495307863214505 
0.302219758175572 
0.101604148085964 
-0.101604148088386 
-0.302219758179346 
-0.495307863216429 
-0.676109308646551 
-0.838954654732504 
-0.980777642693890 
-1.106180784477428 
-1.209214903863812 
-1.291675161997914 
-1.409309477732623 
-1.429077412157997 
-1.358047669814659 
-0.061489122813050 
0.002058095511264 
0.024051541085576 
0.067604065665889 
0.141098616381334 
0.180061268689198 
0.226785188645203 
0.286255787557586 
0.335271708620396 
0.373685642756566 
0.403432657930656 
0.419561413462965 
0.419561413464780 
0.403432657915751 
0.373685642755312 
0.335271708659605 
0.286255787670350 
0.226785188658219 
0.180061268822110 
0.141098616421406 
0.067604065633341 
0.024051541144052 
0.002058095568199 
-0.061489122807859 
1.359162686621697 
1.434042097800174 
1.409203554272679 
1.292118637894768 
1.210700699155094 
1.103664870994881 
0.979113194482761 
0.838752073052708 
0.675606156286041 
0.494667862130021 
0.301876706185835 
0.101505390110427 
-0.101505390112589 
-0.301876706188139 
-0.494667862126422 
-0.675606156302019 
-0.838752073082105 
-0.979113194495801 
-1.103664871054634 
-1.210700699171776 
-1.292118637933928 
-1.409203554407495 
-1.434042097897268 
-1.359162686631591 
-0.061461380668323 
0.001581889862092 
0.022422750265681 
0.067564579630308 
0.139883817846251 
0.177336300116802 
0.225713824245807 
0.285824326036154 
0.334158783043223 
0.372799153772069 
0.403148288598692 
0.419398697166867 
0.419398697170609 
0.403148288583126 
0.372799153767840 
0.334158783079611 
0.285824326151485 
0.225713824257753 
0.177336300257593 
0.139883817900537 
0.067564579610710 
0.022422750325964 
0.001581889915653 
-0.061461380663469 
1.359520016863878 
1.435931624425336 
1.410276007854574 
1.292464295935915 
1.210270597322350 
1.102450489209533 
0.978701535721563 
0.838683043505241 
0.675354258887857 
0.494473853362695 
0.301815016649782 
0.101491405946875 
-0.101491405949296 
-0.301815016652075 
-0.494473853358271 
-0.675354258903904 
-0.838683043535041 
-0.978701535734753 
-1.102450489273121 
-1.210270597346492 
-1.292464295984354 
-1.410276007988541 
-1.435931624520741 
-1.359520016874004 
-0.061454003392701 
0.001132343376043 
0.021329186779737 
0.067726747683148 
0.139153297056536 
0.176300332773032 
0.225809035750936 
0.285663619317240 
0.333487242153817 
0.372533804507179 
0.403056964205342 
0.419036031033723 
0.419036031037072 
0.403056964194788 
0.372533804513024 
0.333487242196303 
0.285663619427791 
0.225809035760057 
0.176300332907794 
0.139153297098591 
0.067726747661057 
0.021329186842455 
0.001132343438486 
-0.061454003386662 
1.359713995540943 
1.436799228854440 
1.410551189170654 
1.292609579920245 
1.209968072497903 
1.101971982640893 
0.978750969277402 
0.838677989952178 
0.675174662119842 
0.494390997392069 
0.301792717305678 
0.101477900039429 
-0.101477900041612 
-0.301792717309575 
-0.494390997389223 
-0.675174662137045 
-0.838677989980583 
-0.978750969289903 
-1.101971982700199 
-1.209968072513718 
-1.292609579970969 
-1.410551189315755 
-1.436799228962400 
-1.359713995552668 
-0.061412100479239 
0.001751475369401 
0.023371475722431 
0.070317727306532 
0.141267880728150 
0.177591280377653 
0.226118582680371 
0.284907881102371 
0.331218574891268 
0.368787520595661 
0.398243282727716 
0.413607992963295 
0.413607992966325 
0.398243282717498 
0.368787520601692 
0.331218574934080 
0.284907881212571 
0.226118582686321 
0.177591280512036 
0.141267880771623 
0.070317727286243 
0.023371475784734 
0.001751475431421 
-0.061412100473119 
1.359777739002738 
1.437379773356560 
1.411861123158495 
1.294071918331577 
1.211094912049433 
1.102557280646677 
0.978886431225709 
0.838471700691020 
0.674650943702495 
0.493740489846235 
0.301270934091359 
0.101278971263410 
-0.101278971265540 
-0.301270934095448 
-0.493740489843869 
-0.674650943720370 
-0.838471700719179 
-0.978886431236944 
-1.102557280706268 
-1.211094912066056 
-1.294071918382425 
-1.411861123303786 
-1.437379773465856 
-1.359777739014796 
-0.061409973939498 
0.001735374795162 
0.023390577995850 
0.070401394001415 
0.141087381351524 
0.177507015705025 
0.226233033739880 
0.284868830663960 
0.331076034586792 
0.368740077360871 
0.398219159296585 
0.413526192446169 
0.413526192449409 
0.398219159288967 
0.368740077369535 
0.331076034629267 
0.284868830774115 
0.226233033743028 
0.177507015830651 
0.141087381388335 
0.070401393980162 
0.023390578058465 
0.001735374857140 
-0.061409973933083 
1.359794517343526 
1.437448977032768 
1.411921297608318 
1.294122195953604 
1.211007734186853 
1.102513010411107 
0.978931991925858 
0.838467414340354 
0.674614037383036 
0.493728745838334 
0.301269929649629 
0.101277613162994 
-0.101277613165245 
-0.301269929653942 
-0.493728745836448 
-0.674614037400888 
-0.838467414368361 
-0.978931991935893 
-1.102513010467511 
-1.211007734200053 
-1.294122196003042 
-1.411921297756808 
-1.437448977146407 
-1.359794517356458 
-0.061379446665798 
0.001396461282285 
0.023462393809808 
0.071529076121688 
0.137996241338040 
0.176035073562475 
0.228037710754482 
0.284277592045100 
0.328996536045408 
0.368342221777010 
0.398265512526141 
0.412694210383591 
0.412694210398893 
0.398265512551634 
0.368342221808516 
0.328996536083933 
0.284277592138096 
0.228037710742346 
0.176035073688543 
0.137996241420217 
0.071529076153423 
0.023462393862276 
0.001396461315531 
-0.061379446663090 
1.360064370795315 
1.438522769085634 
1.412755656385381 
1.294807181622169 
1.209508473618882 
1.101749128848411 
0.979650793187654 
0.838405696430704 
0.674065859129402 
0.493601228820759 
0.301299406437953 
0.101272453266830 
-0.101272453270360 
-0.301299406446482 
-0.493601228822267 
-0.674065859145566 
-0.838405696453766 
-0.979650793190534 
-1.101749128906241 
-1.209508473659785 
-1.294807181696526 
-1.412755656510902 
-1.438522769170338 
-1.360064370804907 
-0.061360879273110 
0.001043830664841 
0.023184359803365 
0.072183628986889 
0.135873670209869 
0.174995874512105 
0.229132397817040 
0.283785602812135 
0.327783711752636 
0.368357050925617 
0.398511019262449 
0.412393534515517 
0.412393534526862 
0.398511019310565 
0.368357050987819 
0.327783711788303 
0.283785602916908 
0.229132397773129 
0.174995874503082 
0.135873670171185 
0.072183628985724 
0.023184359865101 
0.001043830707171 
-0.061360879264557 
1.360263477995560 
1.439262925803715 
1.413184251723439 
1.295215817862107 
1.208484448665938 
1.101213307825517 
0.980090299987915 
0.838324837502837 
0.673733362377594 
0.493568955646075 
0.301342177050225 
0.101274603864162 
-0.101274603868681 
-0.301342177060028 
-0.493568955653647 
-0.673733362394410 
-0.838324837527337 
-0.980090299977179 
-1.101213307833641 
-1.208484448643303 
-1.295215817906103 
-1.413184251907176 
-1.439262925966305 
-1.360263478019990 
-0.061345738449139 
0.000461008030002 
0.022163881040414 
0.072733085755951 
0.134601313302140 
0.174316491455055 
0.229535743640306 
0.282976009049976 
0.327159559641320 
0.368614388661989 
0.398503680913530 
0.412113046906250 
0.412113046903806 
0.398503680952551 
0.368614388724723 
0.327159559632180 
0.282976009141500 
0.229535743565483 
0.174316491320754 
0.134601313149736 
0.072733085695827 
0.022163881071943 
0.000461008083343 
-0.061345738429302 
1.360483643929953 
1.439981983606791 
1.413261763505981 
1.295569755296634 
1.207892608355387 
1.100858476473418 
0.980268802232161 
0.838099741030923 
0.673539335037042 
0.493614895828746 
0.301357815176210 
0.101262318340336 
-0.101262318345045 
-0.301357815181781 
-0.493614895837754 
-0.673539335044746 
-0.838099741046889 
-0.980268802211245 
-1.100858476440427 
-1.207892608266810 
-1.295569755293052 
-1.413261763775972 
-1.439981983908186 
-1.360483643981287 
