-0.059472911040523 
0.000210615306573 
0.059644589117818 
0.116349905473825 
0.170241874494857 
0.221655579780415 
0.269332031881365 
0.311604228920608 
0.347058318519194 
0.374594907173437 
0.393402047938699 
0.402940508521040 
0.402940508520119 
0.393402047938339 
0.374594907173567 
0.347058318520416 
0.311604228921439 
0.269332031881710 
0.221655579781127 
0.170241874495835 
0.116349905474731 
0.059644589118984 
0.000210615306771 
-0.059472911040528 
1.506811677241319 
1.524408394899649 
1.507470553125584 
1.455359888392209 
1.371297402897736 
1.257681816917445 
1.116298416686279 
0.949882213129091 
0.762038648783549 
0.556970196529009 
0.339303629894080 
0.113960676619898 
-0.113960676619872 
-0.339303629894046 
-0.556970196529074 
-0.762038648783741 
-0.949882213129207 
-1.116298416686458 
-1.257681816917675 
-1.371297402898348 
-1.455359888393252 
-1.507470553127027 
-1.524408394899782 
-1.506811677241302 
-0.059185003643097 
0.004139086202704 
0.068632688320643 
0.116623742142159 
0.155534619597339 
0.200099693775644 
0.248891309021191 
0.296352579905263 
0.338275540001067 
0.371808924363038 
0.395087427458107 
0.406989621253644 
0.406989621246934 
0.395087427455505 
0.371808924361428 
0.338275540018848 
0.296352579915627 
0.248891309024765 
0.200099693785937 
0.155534619608645 
0.116623742152739 
0.068632688332872 
0.004139086205900 
-0.059185003643042 
1.507988472627945 
1.535007329739731 
1.525015315910339 
1.459848630232076 
1.364405849299289 
1.249237443189495 
1.110098723965527 
0.946293575230101 
0.760407555095749 
0.556484198627110 
0.339293477278729 
0.114004815879853 
-0.114004815879715 
-0.339293477278268 
-0.556484198627661 
-0.760407555098698 
-0.946293575231588 
-1.110098723967500 
-1.249237443193018 
-1.364405849306320 
-1.459848630243355 
-1.525015315927613 
-1.535007329743665 
-1.507988472627823 
-0.058706632473980 
0.009769520805615 
0.073406749937557 
0.099860494977728 
0.131995741513384 
0.182180824051140 
0.233959932449154 
0.283018617697005 
0.328026470967772 
0.366033286258980 
0.393578856278990 
0.408029798426635 
0.408029798429911 
0.393578856277939 
0.366033286261137 
0.328026471011400 
0.283018617716085 
0.233959932466743 
0.182180824082868 
0.131995741540111 
0.099860495015033 
0.073406749935302 
0.009769520808922 
-0.058706632473423 
1.510121978321869 
1.553170092573450 
1.546701140239364 
1.455341613109123 
1.353419946086972 
1.242278657793278 
1.105485405383558 
0.942929744260338 
0.758239278731164 
0.555405438586353 
0.338918404588724 
0.113934041614583 
-0.113934041614612 
-0.338918404588896 
-0.555405438587681 
-0.758239278739538 
-0.942929744263553 
-1.105485405389922 
-1.242278657805053 
-1.353419946103310 
-1.455341613127534 
-1.546701140259847 
-1.553170092590812 
-1.510121978322813 
-0.058416663563410 
0.009619131934749 
0.059622952852366 
0.082705471215876 
0.129471002480338 
0.181294390440356 
0.228694746691289 
0.276966634263399 
0.324049555210573 
0.363699029410441 
0.391715760283846 
0.406126396303489 
0.406126396301571 
0.391715760299610 
0.363699029417620 
0.324049555256181 
0.276966634292954 
0.228694746718156 
0.181294390488383 
0.129471002499888 
0.082705471249805 
0.059622952874000 
0.009619131940108 
-0.058416663563133 
1.511792325998982 
1.563795848506059 
1.551344411110857 
1.449479136001252 
1.351902782646478 
1.241972669182443 
1.104093248672825 
0.941501906162280 
0.757472026184927 
0.555046928052122 
0.338715062788619 
0.113858357962325 
-0.113858357962479 
-0.338715062790604 
-0.555046928053872 
-0.757472026193874 
-0.941501906167554 
-1.104093248683311 
-1.241972669199335 
-1.351902782662160 
-1.449479136019930 
-1.551344411135199 
-1.563795848519780 
-1.511792325999281 
-0.058080581804701 
0.008822563577624 
0.041950934437847 
0.064486974767202 
0.130275282302069 
0.182856907793651 
0.224559547995429 
0.271656058824306 
0.320057747295830 
0.359917083812193 
0.387032251551218 
0.400642653170066 
0.400642653158536 
0.387032251585790 
0.359917083823481 
0.320057747340944 
0.271656058865259 
0.224559548030709 
0.182856907858693 
0.130275282308262 
0.064486974791001 
0.041950934488106 
0.008822563585537 
-0.058080581804781 
1.513771548662847 
1.575602171665329 
1.554691653905898 
1.442651830361878 
1.351644589447747 
1.242638301869243 
1.103089510441734 
0.940229527402072 
0.756614507550398 
0.554362613288307 
0.338167297431912 
0.113640333281435 
-0.113640333281797 
-0.338167297436099 
-0.554362613290496 
-0.756614507559624 
-0.940229527409606 
-1.103089510456270 
-1.242638301891418 
-1.351644589460299 
-1.442651830378524 
-1.554691653934953 
-1.575602171674442 
-1.513771548662389 
-0.058062708429212 
0.008057609008684 
0.039402886819639 
0.064568314946267 
0.130273638355410 
0.180124735570186 
0.222664303584070 
0.271611197990789 
0.320185123457173 
0.359398074351200 
0.386287789282518 
0.400034611133065 
0.400034611115988 
0.386287789319220 
0.359398074359899 
0.320185123501782 
0.271611198033462 
0.222664303616178 
0.180124735635496 
0.130273638380210 
0.064568314990305 
0.039402886870711 
0.008057609001527 
-0.058062708431057 
1.514128790636436 
1.577242209702359 
1.555099478859326 
1.442893933988323 
1.351685377307720 
1.241597833625596 
1.102459970474746 
0.940222518413599 
0.756661832481269 
0.554275968167082 
0.338071314798848 
0.113607390791852 
-0.113607390792271 
-0.338071314802871 
-0.554275968169276 
-0.756661832490269 
-0.940222518421600 
-1.102459970488097 
-1.241597833648313 
-1.351685377332788 
-1.442893934009849 
-1.555099478873389 
-1.577242209695555 
-1.514128790634481 
-0.058023435106215 
0.004285128763666 
0.028251418321487 
0.065026543842655 
0.129833404587797 
0.171249144583124 
0.218318749336843 
0.271472389838135 
0.318391159127212 
0.355979770672654 
0.383773848845402 
0.398786992474547 
0.398786992434934 
0.383773848870551 
0.355979770682467 
0.318391159168246 
0.271472389894145 
0.218318749355461 
0.171249144720995 
0.129833404789265 
0.065026544006970 
0.028251418431832 
0.004285128765504 
-0.058023435107664 
1.515601074421503 
1.583431588894971 
1.555805296368965 
1.443806968713005 
1.351663674045887 
1.238157215304081 
1.100995544705516 
0.940282638954691 
0.756332643232438 
0.553635693710745 
0.337680015179089 
0.113500743871080 
-0.113500743870172 
-0.337680015183395 
-0.553635693713152 
-0.756332643241101 
-0.940282638966006 
-1.100995544716276 
-1.238157215366358 
-1.351663674164630 
-1.443806968794204 
-1.555805296412057 
-1.583431588901505 
-1.515601074421906 
-0.057995227183257 
0.001096396465078 
0.019957703028233 
0.065487494807762 
0.127339428528431 
0.165246134999736 
0.216928345902912 
0.270561141608059 
0.316064858084175 
0.354361999860443 
0.382604235162996 
0.396863167632115 
0.396863167604456 
0.382604235222930 
0.354361999904215 
0.316064858206932 
0.270561141746054 
0.216928346621510 
0.165246138250881 
0.127339433236394 
0.065487497077727 
0.019957703161593 
0.001096396458875 
-0.057995227180838 
1.516806026265441 
1.588179114072625 
1.556384681412335 
1.444635812234230 
1.350641706328976 
1.235713373520157 
1.100565588551143 
0.940175217082109 
0.755825121996262 
0.553268471205927 
0.337495178279452 
0.113423746543204 
-0.113423746545317 
-0.337495178284168 
-0.553268471215933 
-0.755825122026420 
-0.940175217111440 
-1.100565588829710 
-1.235713374899347 
-1.350641708551952 
-1.444635813429940 
-1.556384681523538 
-1.588179114080128 
-1.516806026266863 
-0.057942245492020 
0.001845955864309 
0.022414780321308 
0.068766666804135 
0.130139329282361 
0.167045594608443 
0.217473575155957 
0.269500075656797 
0.312979885181132 
0.349355056588056 
0.376130899845673 
0.389558007638109 
0.389558007615190 
0.376130899922284 
0.349355056665317 
0.312979885350091 
0.269500075809287 
0.217473575815703 
0.167045597748562 
0.130139333833730 
0.068766668949020 
0.022414780457308 
0.001845955879039 
-0.057942245488075 
1.516878504735442 
1.588823889405215 
1.557837049581301 
1.446297693732886 
1.351947370352127 
1.236438087666211 
1.100782056585125 
0.939935250948339 
0.755215561976303 
0.552533184291035 
0.336914629107763 
0.113205172583594 
-0.113205172586865 
-0.336914629115427 
-0.552533184307839 
-0.755215562017792 
-0.939935250979312 
-1.100782056832295 
-1.236438088986598 
-1.351947372521076 
-1.446297694933031 
-1.557837049757965 
-1.588823889447049 
-1.516878504739755 
-0.057938386296913 
0.001839166070187 
0.022432096004478 
0.068870256772968 
0.130078253851940 
0.166990796177822 
0.217470397476554 
0.269403069877939 
0.312834269086079 
0.349230344737800 
0.376006817035539 
0.389419300823580 
0.389419300807871 
0.376006817130926 
0.349230344852110 
0.312834269325226 
0.269403070114299 
0.217470398156108 
0.166990799194996 
0.130078258211110 
0.068870258855708 
0.022432096217283 
0.001839166129673 
-0.057938386290195 
1.516898930534355 
1.588909118613869 
1.557899604347002 
1.446353906450230 
1.351924593425974 
1.236414700267563 
1.100782531261542 
0.939912155309668 
0.755184993541934 
0.552514003841081 
0.336903844251567 
0.113201299888338 
-0.113201299892122 
-0.336903844261586 
-0.552514003864048 
-0.755184993599147 
-0.939912155363612 
-1.100782531512358 
-1.236414701537734 
-1.351924595511096 
-1.446353907626983 
-1.557899604574351 
-1.588909118686551 
-1.516898930541077 
-0.057930921269847 
0.001796307105218 
0.022386721074375 
0.069007025003530 
0.129841510143130 
0.166804716001451 
0.217448803862994 
0.269211228528530 
0.312595573718958 
0.349103962209970 
0.375927308164159 
0.389330957536185 
0.389330957406501 
0.375927308296789 
0.349103962465463 
0.312595574020606 
0.269211229077775 
0.217448804976025 
0.166804720005242 
0.129841515943846 
0.069007027618303 
0.022386721124099 
0.001796307000830 
-0.057930921224960 
1.516945452955254 
1.589090425457069 
1.557996950723131 
1.446431564726403 
1.351828292393118 
1.236337069179810 
1.100778047334788 
0.939865804391832 
0.755132621499005 
0.552492227902307 
0.336896581917930 
0.113198935516605 
-0.113198935526255 
-0.336896581911483 
-0.552492227963016 
-0.755132621580549 
-0.939865804502815 
-1.100778047762156 
-1.236337070902620 
-1.351828295038950 
-1.446431566063896 
-1.557996951162328 
-1.589090425903366 
-1.516945453058585 
-0.057902677713425 
0.001595010036951 
0.022107448193640 
0.069443193436039 
0.128818817775615 
0.166020844599857 
0.217352987006912 
0.268485803928790 
0.311752479908071 
0.348760620188251 
0.375802209132464 
0.389190611338612 
0.389190611090314 
0.375802209462616 
0.348760620912836 
0.311752480764603 
0.268485805492819 
0.217352988883878 
0.166020849253943 
0.128818824477463 
0.069443196485761 
0.022107448553604 
0.001595009994807 
-0.057902677591290 
1.517130222842479 
1.589795710891980 
1.558330662771613 
1.446685385631444 
1.351408050920505 
1.236010948507117 
1.100756182399750 
0.939689655931052 
0.754944399033267 
0.552428223193319 
0.336884158164729 
0.113195502276053 
-0.113195502298558 
-0.336884158149978 
-0.552428223353136 
-0.754944399254279 
-0.939689656276052 
-1.100756183111667 
-1.236010950573841 
-1.351408053855252 
-1.446685387070131 
-1.558330663886798 
-1.589795712115225 
-1.517130223108600 
-0.057855193576880 
0.001196231149605 
0.021458607062317 
0.070055123671540 
0.126994784034157 
0.164659276272257 
0.217185924964438 
0.267284919943841 
0.310440181088488 
0.348340981572257 
0.375753546217011 
0.389123649318877 
0.389123648813512 
0.375753546900150 
0.348340983123910 
0.310440182806499 
0.267284923260802 
0.217185928328500 
0.164659282695500 
0.126994793259994 
0.070055127841693 
0.021458607811778 
0.001196231091120 
-0.057855193304394 
1.517452795653637 
1.591003706212129 
1.558827017480966 
1.447052560542321 
1.350656194718315 
1.235444532431901 
1.100717445801204 
0.939396503462548 
0.754647333944331 
0.552344256462500 
0.336878126024117 
0.113194560909522 
-0.113194560956965 
-0.336878125984405 
-0.552344256801483 
-0.754647334389123 
-0.939396504197445 
-1.100717447080617 
-1.235444535381220 
-1.350656198540513 
-1.447052562277026 
-1.558827019829020 
-1.591003708944116 
-1.517452796248968 
-0.057816745789308 
0.000744587028579 
0.020491630685581 
0.070291916281223 
0.125642816690373 
0.163764363727022 
0.217089866164073 
0.266426156692767 
0.309663355600896 
0.348157617564773 
0.375660244925231 
0.388964091313719 
0.388964090547436 
0.375660246044169 
0.348157619950541 
0.309663357940612 
0.266426161536549 
0.217089870998410 
0.163764372493176 
0.125642829454139 
0.070291922117353 
0.020491631828556 
0.000744586852116 
-0.057816745348114 
1.517732395162771 
1.591996089258211 
1.559042542728216 
1.447223781381322 
1.350104061067686 
1.235067503659205 
1.100700377006428 
0.939182653311393 
0.754467917691284 
0.552311954354919 
0.336874941959216 
0.113190955848143 
-0.113190955926168 
-0.336874941884498 
-0.552311954874380 
-0.754467918305814 
-0.939182654356069 
-1.100700378869791 
-1.235067507754378 
-1.350104066192080 
-1.447223783607916 
-1.559042546445486 
-1.591996093691938 
-1.517732396139652 
-0.057817319831290 
0.000714901073203 
0.020401191297161 
0.070211723378317 
0.125571523818490 
0.163725659835050 
0.217079495604904 
0.266444572005910 
0.309736272273754 
0.348271937279796 
0.375795987385012 
0.389115250070552 
0.389115249313265 
0.375795988522536 
0.348271939685708 
0.309736274638888 
0.266444576875777 
0.217079500435764 
0.163725668529354 
0.125571536484623 
0.070211729204535 
0.020401192503051 
0.000714900926087 
-0.057817319388059 
1.517735722091396 
1.591996241517802 
1.559003217291704 
1.447184111465806 
1.350072411657463 
1.235051886138717 
1.100696507035969 
0.939186234493605 
0.754481779179991 
0.552328792619498 
0.336886967881460 
0.113195253223597 
-0.113195253302043 
-0.336886967807942 
-0.552328793141578 
-0.754481779799678 
-0.939186235544988 
-1.100696508897106 
-1.235051890205489 
-1.350072416738948 
-1.447184113687638 
-1.559003221046168 
-1.591996245973652 
-1.517735723070463 
