-0.066337161659688 
0.001541926586361 
0.071634871134109 
0.136232100719727 
0.191460107474315 
0.242215339603719 
0.291209891783691 
0.337081605440279 
0.377255830702789 
0.409401898134247 
0.431776251839896 
0.443242696627371 
0.443242696620833 
0.431776251836866 
0.409401898130460 
0.377255830710084 
0.337081605450434 
0.291209891786747 
0.242215339609286 
0.191460107480972 
0.136232100723889 
0.071634871137924 
0.001541926587240 
-0.066337161659682 
1.208892019555141 
1.227189165451598 
1.219801261645978 
1.175598989497466 
1.100837181974805 
1.005306975741164 
0.891082477359343 
0.758471718482802 
0.609033899347929 
0.445562792946489 
0.271631740415198 
0.091267050489262 
-0.091267050488876 
-0.271631740415048 
-0.445562792946174 
-0.609033899349659 
-0.758471718485738 
-0.891082477360520 
-1.005306975744174 
-1.100837181980361 
-1.175598989502779 
-1.219801261653403 
-1.227189165452956 
-1.208892019555118 
-0.066304699493173 
0.002032195773597 
0.072855190388328 
0.135988062970722 
0.188192494331119 
0.237233698799342 
0.286387011173378 
0.333812876767802 
0.376338937219454 
0.410984168185758 
0.435403028660806 
0.448010106311243 
0.448010106303822 
0.435403028658790 
0.410984168181298 
0.376338937229163 
0.333812876780493 
0.286387011177154 
0.237233698806352 
0.188192494339813 
0.135988062976408 
0.072855190393293 
0.002032195774760 
-0.066304699493163 
1.209076205895027 
1.228976533793004 
1.223119282189157 
1.176572470564837 
1.099013051053034 
1.002788289618012 
0.889124125366090 
0.757423980821720 
0.608778918508471 
0.445770408573945 
0.271937859382733 
0.091401900209981 
-0.091401900209651 
-0.271937859382717 
-0.445770408573479 
-0.608778918510675 
-0.757423980825393 
-0.889124125367514 
-1.002788289621875 
-1.099013051060366 
-1.176572470571944 
-1.223119282198929 
-1.228976533794908 
-1.209076205895002 
-0.066199562457243 
0.003683802878144 
0.077293608421601 
0.136610590029288 
0.180166094807309 
0.224026844489434 
0.272774692327306 
0.323337672478662 
0.371095582727301 
0.411480285940093 
0.440667945883103 
0.455957015441224 
0.455957015429902 
0.440667945883736 
0.411480285935280 
0.371095582742548 
0.323337672499618 
0.272774692334163 
0.224026844503443 
0.180166094823796 
0.136610590038115 
0.077293608431131 
0.003683802880613 
-0.066199562457228 
1.209674692710512 
1.234940188404159 
1.234674704752836 
1.181180338397758 
1.094915965531692 
0.996186582502483 
0.883638126552544 
0.754145313281885 
0.607532330392320 
0.445809400783165 
0.272400563510846 
0.091636238545350 
-0.091636238545052 
-0.272400563511215 
-0.445809400782719 
-0.607532330395542 
-0.754145313287926 
-0.883638126555308 
-0.996186582510057 
-1.094915965544929 
-1.181180338409946 
-1.234674704772554 
-1.234940188408045 
-1.209674692710414 
-0.066139978441768 
0.004582559680093 
0.078307733954964 
0.132595733283280 
0.173664588063981 
0.219570899486535 
0.270215050693183 
0.321850770759997 
0.370309327370773 
0.411217879951622 
0.440771922173759 
0.456250832827862 
0.456250832822352 
0.440771922176785 
0.411217879953020 
0.370309327389006 
0.321850770783244 
0.270215050702539 
0.219570899504529 
0.173664588081637 
0.132595733303033 
0.078307733962884 
0.004582559681212 
-0.066139978441735 
1.210058696519755 
1.238806507407989 
1.240573186206650 
1.180594579629576 
1.091472564623788 
0.993956998277510 
0.882592213684164 
0.753757383711631 
0.607433570739541 
0.445806404231274 
0.272413479360898 
0.091641718865289 
-0.091641718865233 
-0.272413479362144 
-0.445806404231580 
-0.607433570743544 
-0.753757383718304 
-0.882592213687928 
-0.993956998286911 
-1.091472564639826 
-1.180594579646631 
-1.240573186222548 
-1.238806507412351 
-1.210058696519851 
-0.065954859890141 
0.007321051143668 
0.080553899710325 
0.119285359406308 
0.155555853053696 
0.209150962245511 
0.265072004589125 
0.318761256029055 
0.367924239143421 
0.408953910544911 
0.438357648909706 
0.453676441683080 
0.453676441687892 
0.438357648919443 
0.408953910553060 
0.367924239178579 
0.318761256062107 
0.265072004604890 
0.209150962267194 
0.155555853066412 
0.119285359466740 
0.080553899706462 
0.007321051136565 
-0.065954859890189 
1.211245967074989 
1.250819860884560 
1.257913128137478 
1.177518092087495 
1.081603941362185 
0.988632716448096 
0.880508561551884 
0.752995708351661 
0.607002290139454 
0.445378702789725 
0.272037820499132 
0.091488501276877 
-0.091488501276905 
-0.272037820503474 
-0.445378702789166 
-0.607002290149685 
-0.752995708360798 
-0.880508561557904 
-0.988632716459329 
-1.081603941383375 
-1.177518092117258 
-1.257913128125910 
-1.250819860886108 
-1.211245967075926 
-0.065778948790413 
0.008069250635194 
0.070775042426176 
0.097912067348646 
0.147541952259237 
0.210977577594430 
0.265382058017428 
0.316196641670515 
0.364941358667432 
0.406463899433971 
0.436269086746020 
0.451789012868206 
0.451789012862839 
0.436269086774350 
0.406463899463948 
0.364941358696125 
0.316196641705163 
0.265382058052609 
0.210977577658847 
0.147541952280160 
0.097912067419091 
0.070775042442262 
0.008069250622149 
-0.065778948791283 
1.212563642491625 
1.261954538694503 
1.265987848035208 
1.168167463881763 
1.077079420873932 
0.989762569832197 
0.881057402730339 
0.752341951387098 
0.606326244408599 
0.444977400866635 
0.271833076874015 
0.091424967547557 
-0.091424967547237 
-0.271833076882372 
-0.444977400868937 
-0.606326244417627 
-0.752341951395608 
-0.881057402747801 
-0.989762569863241 
-1.077079420901978 
-1.168167463912088 
-1.265987848008645 
-1.261954538686713 
-1.212563642493217 
-0.065722269617150 
0.008384755340048 
0.069017657468361 
0.094562143627557 
0.147310845780293 
0.211857285291420 
0.264933152905195 
0.314860333136238 
0.363540133614817 
0.404978968963943 
0.434590500256116 
0.449985711272259 
0.449985711264364 
0.434590500285580 
0.404978968999503 
0.363540133641610 
0.314860333172079 
0.264933152945576 
0.211857285366701 
0.147310845800985 
0.094562143694652 
0.069017657490047 
0.008384755326766 
-0.065722269618160 
1.212912475767615 
1.264802865053966 
1.268001462674037 
1.166487607737234 
1.076824355838806 
0.990359007162238 
0.881001984443300 
0.751889332258114 
0.605900808943654 
0.444622530109555 
0.271576835117865 
0.091330258215575 
-0.091330258215454 
-0.271576835126900 
-0.444622530112925 
-0.605900808952144 
-0.751889332266923 
-0.881001984463868 
-0.990359007198430 
-1.076824355867006 
-1.166487607766253 
-1.268001462647927 
-1.264802865045783 
-1.212912475769407 
-0.065658439131768 
0.008277096310734 
0.064842444134979 
0.090671117033773 
0.149938148703295 
0.214175106848006 
0.263626334697843 
0.312161884072154 
0.361337568343998 
0.403318498424520 
0.433241913742835 
0.448823771713716 
0.448823771696249 
0.433241913774003 
0.403318498467359 
0.361337568366719 
0.312161884108831 
0.263626334738959 
0.214175106933599 
0.149938148730021 
0.090671117104836 
0.064842444182613 
0.008277096299669 
-0.065658439133115 
1.213348040999013 
1.267833975417514 
1.268645459484048 
1.164436197797351 
1.078169824495872 
0.991795923409692 
0.880672923065723 
0.750958890611798 
0.605245169847998 
0.444236324483926 
0.271366461749291 
0.091263896349600 
-0.091263896349541 
-0.271366461758763 
-0.444236324489272 
-0.605245169855026 
-0.750958890620547 
-0.880672923087907 
-0.991795923449698 
-1.078169824526306 
-1.164436197830223 
-1.268645459468547 
-1.267833975408497 
-1.213348041000979 
-0.065621867518875 
0.008237842317174 
0.062794106352744 
0.088606836473051 
0.150265418706365 
0.213527763103087 
0.261588410145571 
0.310462114261522 
0.360416109255283 
0.402821599331781 
0.433016947346054 
0.448784265992294 
0.448784265971770 
0.433016947375974 
0.402821599374073 
0.360416109279361 
0.310462114302579 
0.261588410190545 
0.213527763195629 
0.150265418732819 
0.088606836536489 
0.062794106403007 
0.008237842307558 
-0.065621867520170 
1.213629511359323 
1.269893803232999 
1.269947044116047 
1.163851386213047 
1.078393314360185 
0.991576761941486 
0.879893358135795 
0.750397535631178 
0.605016826837586 
0.444144229999580 
0.271327718324944 
0.091254631551215 
-0.091254631551065 
-0.271327718334412 
-0.444144230004786 
-0.605016826845272 
-0.750397535641208 
-0.879893358160161 
-0.991576761985209 
-1.078393314389895 
-1.163851386243135 
-1.269947044105085 
-1.269893803226889 
-1.213629511361702 
-0.065430214469023 
0.006382222498581 
0.046312775463265 
0.077986172463432 
0.153679769284798 
0.205870554857618 
0.250058418798591 
0.306608607329058 
0.359626908788757 
0.400186908930152 
0.429076150937649 
0.444608508655375 
0.444608508604881 
0.429076151037393 
0.400186909057263 
0.359626908798159 
0.306608607385948 
0.250058418704319 
0.205870554806223 
0.153679769502257 
0.077986173053129 
0.046312775990901 
0.006382222494284 
-0.065430214478059 
1.215490562087340 
1.282149012776803 
1.275226194099679 
1.160790137613269 
1.080626291011252 
0.988400982248133 
0.875222981133760 
0.749193617857443 
0.605174498213966 
0.443829495294592 
0.270857090350217 
0.091065014582504 
-0.091065014586944 
-0.270857090362635 
-0.443829495326788 
-0.605174498207724 
-0.749193617873130 
-0.875222981098349 
-0.988400982189092 
-1.080626291191675 
-1.160790137898157 
-1.275226194140105 
-1.282149012654282 
-1.215490562077783 
-0.065294761525198 
0.003830117143686 
0.031177847557715 
0.070270677793651 
0.152688522955479 
0.196301714834341 
0.244345684580172 
0.304749618245452 
0.354453757934742 
0.394984521456730 
0.427179718962705 
0.444260738110274 
0.444260738003296 
0.427179718935026 
0.394984521439831 
0.354453757968042 
0.304749618519418 
0.244345684814245 
0.196301715014622 
0.152688523090516 
0.070270678223388 
0.031177848138191 
0.003830117149022 
-0.065294761535192 
1.217275871838944 
1.293453545030548 
1.280584483901584 
1.159086954496909 
1.080326475803590 
0.983992573870174 
0.872987818988177 
0.749071322599902 
0.604094205091166 
0.442674611875978 
0.270451480104628 
0.090999998910326 
-0.090999998910376 
-0.270451480090205 
-0.442674611888765 
-0.604094205098316 
-0.749071322706403 
-0.872987819103258 
-0.983992573913056 
-1.080326475944656 
-1.159086954647921 
-1.280584483883403 
-1.293453544893456 
-1.217275871831172 
-0.065299383687720 
0.002155823225705 
0.026236501202804 
0.071779176476386 
0.153917760075225 
0.192859939159369 
0.244521230936397 
0.306604872610662 
0.353834557520800 
0.393734412891755 
0.426373267265435 
0.443123368002793 
0.443123367897992 
0.426373267230051 
0.393734412849421 
0.353834557574943 
0.306604872953769 
0.244521231286034 
0.192859939430679 
0.153917760176365 
0.071779176824534 
0.026236501794977 
0.002155823236545 
-0.065299383697781 
1.217685113400252 
1.294995785926941 
1.279575175459470 
1.159941521836390 
1.081102586129904 
0.982317625253573 
0.873005557891969 
0.749888539491689 
0.604007921998812 
0.442353923551359 
0.270309313340236 
0.090951863971461 
-0.090951863972504 
-0.270309313320137 
-0.442353923563628 
-0.604007922013200 
-0.749888539627463 
-0.873005558060066 
-0.982317625336044 
-1.081102586254192 
-1.159941521920014 
-1.279575175412879 
-1.294995785788319 
-1.217685113393917 
-0.065297937917491 
0.001419314204245 
0.024057221920673 
0.071850164541526 
0.153112745066715 
0.191180016234335 
0.245227592657951 
0.307141306580065 
0.353230609487514 
0.393536498044225 
0.426129546685799 
0.442162920815618 
0.442162920734772 
0.426129546690855 
0.393536498032639 
0.353230609566849 
0.307141306918191 
0.245227593029226 
0.191180016549133 
0.153112745156525 
0.071850164831890 
0.024057222496528 
0.001419314219793 
-0.065297937926868 
1.217923131593641 
1.296133043426422 
1.279753082681363 
1.160129865611883 
1.080685342850479 
0.981457747107777 
0.873319658324928 
0.750187331513628 
0.603846434227604 
0.442278405638891 
0.270291268762135 
0.090926277658705 
-0.090926277662684 
-0.270291268746112 
-0.442278405658948 
-0.603846434248057 
-0.750187331647329 
-0.873319658503317 
-0.981457747211051 
-1.080685342969018 
-1.160129865654952 
-1.279753082621122 
-1.296133043299055 
-1.217923131589749 
-0.065297481650670 
0.001041156234825 
0.023034208781529 
0.072020036686790 
0.152801093653838 
0.190567383013996 
0.245527911863145 
0.306982989803841 
0.352847493675405 
0.393627109954758 
0.426072827688700 
0.441766192848388 
0.441766192775940 
0.426072827719002 
0.393627109970582 
0.352847493767857 
0.306982990131034 
0.245527912214625 
0.190567383329635 
0.152801093756415 
0.072020036968839 
0.023034209352292 
0.001041156252393 
-0.065297481658508 
1.218035705732649 
1.296620562582983 
1.279781595741500 
1.160314839144289 
1.080527013760829 
0.981132055397902 
0.873474973644783 
0.750174135631204 
0.603722147643379 
0.442283901675275 
0.270294359218546 
0.090913433119210 
-0.090913433124923 
-0.270294359204710 
-0.442283901702229 
-0.603722147667527 
-0.750174135758653 
-0.873474973814001 
-0.981132055504684 
-1.080527013887704 
-1.160314839176817 
-1.279781595693362 
-1.296620562484241 
-1.218035705734451 
-0.065269694951578 
0.001473860294576 
0.024509627596672 
0.073908877524373 
0.154278249704066 
0.191376026748605 
0.245673087875337 
0.306387110284210 
0.351227822861240 
0.391110390191776 
0.422821750019031 
0.438008893796060 
0.438008893724674 
0.422821750057379 
0.391110390213030 
0.351227822952140 
0.306387110604126 
0.245673088217657 
0.191376027062327 
0.154278249810298 
0.073908877804286 
0.024509628164777 
0.001473860313580 
-0.065269694958935 
1.218086160470205 
1.297099863650983 
1.280867933424637 
1.161517276991106 
1.081436640477970 
0.981569092163716 
0.873557716079695 
0.749989760906839 
0.603291603976455 
0.441775382787882 
0.269890519416580 
0.090758953026940 
-0.090758953032911 
-0.269890519404306 
-0.441775382816792 
-0.603291604001181 
-0.749989761031570 
-0.873557716244991 
-0.981569092270879 
-1.081436640606865 
-1.161517277022131 
-1.280867933384576 
-1.297099863563638 
-1.218086160473834 
-0.065262191150598 
0.001149362625181 
0.024124496241647 
0.074596924693892 
0.153097738373520 
0.191257430682943 
0.246545633174787 
0.304792876639768 
0.350255782015626 
0.392106554031291 
0.423007758415294 
0.437089206761713 
0.437089206729983 
0.423007758554284 
0.392106554156700 
0.350255782144263 
0.304792876864775 
0.246545633404704 
0.191257430986792 
0.153097738545125 
0.074596924988704 
0.024124496781215 
0.001149362634038 
-0.065262191158845 
1.218215207569963 
1.297580401916799 
1.281120830670877 
1.162003970137140 
1.080777452187015 
0.981427330009645 
0.874029287302090 
0.749471885001570 
0.602905008703077 
0.441966483744160 
0.269981496780683 
0.090741395219379 
-0.090741395230648 
-0.269981496782411 
-0.441966483794246 
-0.602905008734153 
-0.749471885087253 
-0.874029287416866 
-0.981427330115179 
-1.080777452356691 
-1.162003970177026 
-1.281120830610017 
-1.297580401822553 
-1.218215207573366 
-0.065255127689628 
0.000765658790426 
0.023546439176716 
0.075200695543647 
0.151876084771977 
0.191009744885450 
0.247359676209267 
0.303545302024440 
0.349594945355640 
0.392769214727507 
0.422971320582745 
0.436720737584571 
0.436720737571171 
0.422971320743840 
0.392769214892796 
0.349594945519748 
0.303545302193287 
0.247359676398763 
0.191009745229514 
0.151876084990731 
0.075200695846847 
0.023546439699081 
0.000765658777575 
-0.065255127707314 
1.218351507339379 
1.298062830058947 
1.281278190951201 
1.162440033389497 
1.080099553119673 
0.981223542204110 
0.874464049653104 
0.749066723165733 
0.602629172123812 
0.442105795016045 
0.270011352612411 
0.090720166356721 
-0.090720166367364 
-0.270011352622376 
-0.442105795071717 
-0.602629172161403 
-0.749066723235659 
-0.874464049746059 
-0.981223542318432 
-1.080099553326066 
-1.162440033444401 
-1.281278190760408 
-1.298062829806811 
-1.218351507315238 
-0.065253267427526 
0.000674026420265 
0.023378841392377 
0.075319181110665 
0.151653752537808 
0.190936248609810 
0.247480933493253 
0.303368837141609 
0.349542848403073 
0.392803110801946 
0.422876357862474 
0.436719458715810 
0.436719458701485 
0.422876358023809 
0.392803110969330 
0.349542848570704 
0.303368837318096 
0.247480933661084 
0.190936248919159 
0.151653752749401 
0.075319181407479 
0.023378841906185 
0.000674026409562 
-0.065253267441613 
1.218382737852239 
1.298170390705188 
1.281292052947846 
1.162527249519238 
1.079978150647396 
0.981172103691828 
0.874529823405453 
0.749007567669509 
0.602603532591104 
0.442118815952438 
0.269999691934407 
0.090713827937905 
-0.090713827949676 
-0.269999691941446 
-0.442118816011190 
-0.602603532630519 
-0.749007567738182 
-0.874529823490167 
-0.981172103795440 
-1.079978150846622 
-1.162527249563423 
-1.281292052802142 
-1.298170390519869 
-1.218382737840579 
