-0.080751093215635 
-0.003347721267612 
0.074619631906536 
0.158564310004813 
0.228935692789836 
0.295573613773118 
0.355436347574667 
0.410034041427976 
0.456068739806306 
0.492928469588044 
0.518335752438382 
0.531459847642928 
0.531459847551263 
0.518335752280341 
0.492928469378795 
0.456068739275016 
0.410034040847603 
0.355436347032707 
0.295573613115335 
0.228935692214521 
0.158564309296544 
0.074619631583282 
-0.003347721470120 
-0.080751093241825 
0.828047596095095 
0.859507365353520 
0.842118232407671 
0.803001167845250 
0.747683930087351 
0.681428505737233 
0.602616639626066 
0.512333236991740 
0.411235300391368 
0.301019665618947 
0.183613838520574 
0.061696158476085 
-0.061696158955210 
-0.183613838241260 
-0.301019665216748 
-0.411235300415123 
-0.512333236767436 
-0.602616639151843 
-0.681428505238204 
-0.747683929302097 
-0.803001167022750 
-0.842118231165770 
-0.859507363841030 
-0.828047595810004 
