-0.069366818856422 
-0.001460995719229 
0.028215305984340 
0.094240417601199 
0.171028063253101 
0.215899754193628 
0.279047627128805 
0.328982788584647 
0.380175380606704 
0.420516580292384 
0.449320097404812 
0.464741723121202 
0.464741723134176 
0.449320097281640 
0.420516580236058 
0.380175380432092 
0.328982788429311 
0.279047626918148 
0.215899753980750 
0.171028063110370 
0.094240417282955 
0.028215305152104 
-0.001460995659409 
-0.069366818838388 
1.089230131515717 
1.167064364973918 
1.143645704822608 
1.036457209045380 
0.964189943013256 
0.872391332927301 
0.779780535618297 
0.664329955240184 
0.535974159484588 
0.393988070038712 
0.240721251371282 
0.081145695138289 
-0.081145695121343 
-0.240721251402520 
-0.393988069974471 
-0.535974159443006 
-0.664329955157829 
-0.779780535476946 
-0.872391332953836 
-0.964189942740789 
-1.036457209074186 
-1.143645704867288 
-1.167064365144572 
-1.089230131499220 
