-0.061345738449139 
0.000461008030002 
0.022163881040414 
0.072733085755951 
0.134601313302140 
0.174316491455055 
0.229535743640306 
0.282976009049976 
0.327159559641320 
0.368614388661989 
0.398503680913530 
0.412113046906250 
0.412113046903806 
0.398503680952551 
0.368614388724723 
0.327159559632180 
0.282976009141500 
0.229535743565483 
0.174316491320754 
0.134601313149736 
0.072733085695827 
0.022163881071943 
0.000461008083343 
-0.061345738429302 
1.360483643929953 
1.439981983606791 
1.413261763505981 
1.295569755296634 
1.207892608355387 
1.100858476473418 
0.980268802232161 
0.838099741030923 
0.673539335037042 
0.493614895828746 
0.301357815176210 
0.101262318340336 
-0.101262318345045 
-0.301357815181781 
-0.493614895837754 
-0.673539335044746 
-0.838099741046889 
-0.980268802211245 
-1.100858476440427 
-1.207892608266810 
-1.295569755293052 
-1.413261763775972 
-1.439981983908186 
-1.360483643981287 
