-0.057817319831290 
0.000714901073203 
0.020401191297161 
0.070211723378317 
0.125571523818490 
0.163725659835050 
0.217079495604904 
0.266444572005910 
0.309736272273754 
0.348271937279796 
0.375795987385012 
0.389115250070552 
0.389115249313265 
0.375795988522536 
0.348271939685708 
0.309736274638888 
0.266444576875777 
0.217079500435764 
0.163725668529354 
0.125571536484623 
0.070211729204535 
0.020401192503051 
0.000714900926087 
-0.057817319388059 
1.517735722091396 
1.591996241517802 
1.559003217291704 
1.447184111465806 
1.350072411657463 
1.235051886138717 
1.100696507035969 
0.939186234493605 
0.754481779179991 
0.552328792619498 
0.336886967881460 
0.113195253223597 
-0.113195253302043 
-0.336886967807942 
-0.552328793141578 
-0.754481779799678 
-0.939186235544988 
-1.100696508897106 
-1.235051890205489 
-1.350072416738948 
-1.447184113687638 
-1.559003221046168 
-1.591996245973652 
-1.517735723070463 
