-0.065253267427526 
0.000674026420265 
0.023378841392377 
0.075319181110665 
0.151653752537808 
0.190936248609810 
0.247480933493253 
0.303368837141609 
0.349542848403073 
0.392803110801946 
0.422876357862474 
0.436719458715810 
0.436719458701485 
0.422876358023809 
0.392803110969330 
0.349542848570704 
0.303368837318096 
0.247480933661084 
0.190936248919159 
0.151653752749401 
0.075319181407479 
0.023378841906185 
0.000674026409562 
-0.065253267441613 
1.218382737852239 
1.298170390705188 
1.281292052947846 
1.162527249519238 
1.079978150647396 
0.981172103691828 
0.874529823405453 
0.749007567669509 
0.602603532591104 
0.442118815952438 
0.269999691934407 
0.090713827937905 
-0.090713827949676 
-0.269999691941446 
-0.442118816011190 
-0.602603532630519 
-0.749007567738182 
-0.874529823490167 
-0.981172103795440 
-1.079978150846622 
-1.162527249563423 
-1.281292052802142 
-1.298170390519869 
-1.218382737840579 
