-0.069354231778595 
-0.001356709336004 
0.028555500173655 
0.094755164520775 
0.171064209764364 
0.216116460220388 
0.278869589419813 
0.328733927169333 
0.379760721704149 
0.419838727770141 
0.448596093451958 
0.463898697266608 
0.463898697287167 
0.448596093328310 
0.419838727701899 
0.379760721535896 
0.328733927069594 
0.278869589337913 
0.216116460063392 
0.171064209591690 
0.094755164403414 
0.028555500183689 
-0.001356708761497 
-0.069354231719198 
1.089274342991230 
1.167344710550741 
1.144071627079067 
1.036892840903501 
0.964234516555447 
0.872513847312926 
0.779711258414180 
0.664213171511588 
0.535857169322739 
0.393830848213357 
0.240623888432067 
0.081110492600902 
-0.081110492583694 
-0.240623888462474 
-0.393830848147084 
-0.535857169282242 
-0.664213171465485 
-0.779711258345856 
-0.872513847345751 
-0.964234516238567 
-1.036892841188648 
-1.144071628318220 
-1.167344711777530 
-1.089274343129306 
