-0.069278310416344 
-0.001557340991147 
0.028030740922106 
0.096059395100640 
0.167404191277318 
0.216450639857963 
0.276317075045353 
0.327794220684238 
0.379169668344781 
0.419037537139895 
0.449083195410947 
0.464177231012916 
0.464177231015947 
0.449083195284291 
0.419037537055778 
0.379169668270165 
0.327794220720640 
0.276317075111074 
0.216450639813846 
0.167404191299541 
0.096059395207795 
0.028030741436494 
-0.001557340041378 
-0.069278310319160 
1.089722231171999 
1.169299452179290 
1.145206151472170 
1.038265857828171 
0.961800166791952 
0.872502359145206 
0.778575593547521 
0.663562014747808 
0.535784384474576 
0.393538915085713 
0.240689535367656 
0.081130199207547 
-0.081130199189058 
-0.240689535396353 
-0.393538915020748 
-0.535784384471177 
-0.663562014762739 
-0.778575593560585 
-0.872502359273400 
-0.961800166602037 
-1.038265858324747 
-1.145206153521041 
-1.169299454100317 
-1.089722231400561 
