-0.069300972484549 
-0.001506972488753 
0.028263976853524 
0.095759396939577 
0.168169865779160 
0.216616129709613 
0.276887880701887 
0.327977284174240 
0.379487110769129 
0.419053345748398 
0.449063893828894 
0.464118354542915 
0.464118354546371 
0.449063893656350 
0.419053345616535 
0.379487110686090 
0.327977284181337 
0.276887880717191 
0.216616129620432 
0.168169865724214 
0.095759396951015 
0.028263977177724 
-0.001506971698097 
-0.069300972404287 
1.089593955055506 
1.168735784378541 
1.144950673485863 
1.037966363810151 
0.962303627982540 
0.872643872778294 
0.778846104373862 
0.663674277710361 
0.535871954985883 
0.393570955435364 
0.240672365953235 
0.081140958321621 
-0.081140958302253 
-0.240672365973915 
-0.393570955358954 
-0.535871954981145 
-0.663674277713528 
-0.778846104356897 
-0.872643872862055 
-0.962303627742953 
-1.037966364222146 
-1.144950675252287 
-1.168735786098081 
-1.089593955267058 
