-0.048074782041725 
0.006949045895933 
0.016778333954093 
0.050088733892402 
0.062976079552592 
0.112664406941457 
0.148468200267083 
0.197853567509169 
0.255704836317661 
0.293343358551714 
0.322546670942424 
0.341765807215019 
0.341765807200397 
0.322546671046952 
0.293343358665605 
0.255704836323890 
0.197853567860523 
0.148468200995560 
0.112664406401119 
0.062976071937930 
0.050088724268434 
0.016778324678502 
0.006949029056022 
-0.048074785875328 
1.916581720855301 
2.011807535368664 
1.941451223462331 
1.811310233508381 
1.692753906415267 
1.558403705571400 
1.384134549608202 
1.179683621238522 
0.950221580290826 
0.695671543379307 
0.424300402676877 
0.142661359752239 
-0.142661359751163 
-0.424300402687553 
-0.695671543390921 
-0.950221580299836 
-1.179683621328633 
-1.384134549778588 
-1.558403705266006 
-1.692753903131909 
-1.811310213734989 
-1.941450952372844 
-2.011807044542127 
-1.916581602691757 
