-0.050809744030136 
0.001148502656977 
0.020695998772607 
0.067735713200991 
0.109732969791827 
0.151598668268003 
0.200031432632778 
0.242320261359311 
0.279744926532816 
0.309202487950084 
0.329074183074602 
0.339092348679187 
0.339092348679067 
0.329074183099668 
0.309202487932314 
0.279744926569517 
0.242320261376990 
0.200031432636994 
0.151598668259065 
0.109732969803692 
0.067735713018041 
0.020695995360945 
0.001148498393816 
-0.050809744745492 
1.907264860808275 
1.973843047635919 
1.923180555995986 
1.816330542008435 
1.708881316041866 
1.569854797244283 
1.395972950617627 
1.188429911057909 
0.953749293448440 
0.697279322269304 
0.424843756698955 
0.142701852919337 
-0.142701852919209 
-0.424843756702323 
-0.697279322269066 
-0.953749293455105 
-1.188429911063150 
-1.395972950615385 
-1.569854797235696 
-1.708881316061873 
-1.816330540035510 
-1.923180522134935 
-1.973842987406325 
-1.907264846469643 
