-0.047952021640945 
0.004454026565834 
0.011109461372192 
0.047061992884399 
0.058553563405306 
0.105920673875876 
0.140358866164979 
0.190961244694051 
0.248650706984097 
0.288132166157277 
0.319483200807499 
0.338696434129942 
0.338696434146916 
0.319483201009609 
0.288132166520259 
0.248650707440537 
0.190961245363731 
0.140358866751286 
0.105920672294253 
0.058553549197055 
0.047061971820062 
0.011109457511658 
0.004454022771426 
-0.047952023391345 
1.918698171361852 
2.019669355888503 
1.944114603871325 
1.810230053188703 
1.690772810708165 
1.556380272277324 
1.382241618672345 
1.178363041516164 
0.949036446821170 
0.694931407780023 
0.423995674694849 
0.142553775333324 
-0.142553775336066 
-0.423995674715647 
-0.694931407832120 
-0.949036446921525 
-1.178363041677440 
-1.382241618798087 
-1.556380271783891 
-1.690772805961687 
-1.810230028573534 
-1.944114300902380 
-2.019668807837524 
-1.918698039006943 
