-0.069386537812233 
-0.000479967517057 
0.032186283662644 
0.095725382709177 
0.169918341954555 
0.217772165913981 
0.277913565062156 
0.328826931068866 
0.380201855780693 
0.419659711455827 
0.449259111248483 
0.464214902860876 
0.464214902930554 
0.449259111271606 
0.419659711415685 
0.380201855473762 
0.328826930610814 
0.277913564493624 
0.217772165520672 
0.169918341857389 
0.095725382421688 
0.032186283229547 
-0.000479967186165 
-0.069386537769211 
1.088940134878607 
1.165981545881614 
1.144895693586847 
1.037415835731814 
0.963385083583501 
0.873408024132389 
0.779160520678118 
0.664062634771298 
0.536048184278242 
0.393772732082687 
0.240701160042228 
0.081135535489923 
-0.081135535479913 
-0.240701160084923 
-0.393772732024930 
-0.536048184182926 
-0.664062634565686 
-0.779160520357714 
-0.873408023977715 
-0.963385083374092 
-1.037415835890348 
-1.144895694522823 
-1.165981547141520 
-1.088940135058748 
