-0.043356312447224 
0.016530432717832 
0.009659788324607 
0.079967507161040 
0.031355561525693 
0.066983133976682 
0.038584945183052 
0.051328213540537 
0.078379630547438 
0.087581257277315 
0.105240884345414 
0.113474813264359 
0.113474814309042 
0.105240885779161 
0.087581262399442 
0.078379640819059 
0.051328214858909 
0.038584915839577 
0.066983061207824 
0.031355337893507 
0.079967154870328 
0.009659554848911 
0.016530214882702 
-0.043356359379130 
1.747416885175931 
1.977115538974299 
1.846260144053161 
1.639776718756574 
1.473280090415185 
1.360432489032331 
1.194976652356184 
1.005521299181800 
0.808910884596626 
0.589318621400054 
0.358576878692629 
0.120440013448608 
-0.120440013496918 
-0.358576878799464 
-0.589318622202698 
-0.808910886393162 
-1.005521299368683 
-1.194976643959761 
-1.360432478601403 
-1.473280045515552 
-1.639776470961637 
-1.846258279328625 
-1.977112443500405 
-1.747416168373688 
