-0.052718690845529 
0.006273022324468 
0.029645192770678 
0.079318280338171 
0.100995345150269 
0.150622225022979 
0.191389426979861 
0.225676100989695 
0.272283656606570 
0.304106404686114 
0.323654597942864 
0.336489050208507 
0.336489050207473 
0.323654597866717 
0.304106404883412 
0.272283656798257 
0.225676101184412 
0.191389427296936 
0.150622224879150 
0.100995345085159 
0.079318273129893 
0.029645112515323 
0.006272928104531 
-0.052718705364521 
1.703327887232695 
1.793712063084531 
1.742139115384886 
1.617233502093642 
1.507533024025311 
1.387994544798491 
1.233308706086735 
1.047417657537893 
0.841666328710924 
0.615230243580169 
0.374447638481793 
0.125739909100518 
-0.125739909100825 
-0.374447638474150 
-0.615230243619922 
-0.841666328749046 
-1.047417657587180 
-1.233308706186355 
-1.387994544788048 
-1.507533024012596 
-1.617233483594393 
-1.742138856656621 
-1.793711644159560 
-1.703327793860423 
