-0.049093113554659 
0.015424715928672 
0.038063840774027 
0.091085178507258 
0.067764066305064 
0.125752073494070 
0.141185413177294 
0.159864819046154 
0.209723024252760 
0.233834588896013 
0.249354577263356 
0.262341344306273 
0.262341344560568 
0.249354577361397 
0.233834590069772 
0.209723025677822 
0.159864820828203 
0.141185419364740 
0.125752070119941 
0.067764005029857 
0.091085098020022 
0.038063673401070 
0.015424505395136 
-0.049093149685752 
1.717271814831685 
1.853176987511503 
1.778821152340588 
1.626327495002710 
1.494824225255827 
1.379488492479239 
1.220607841687862 
1.032334000441465 
0.830996912061005 
0.606877965973371 
0.369061199075119 
0.123939014007137 
-0.123939014015850 
-0.369061199085893 
-0.606877966162550 
-0.830996912322490 
-1.032334000883671 
-1.220607843427210 
-1.379488492010872 
-1.494824206396416 
-1.626327415790202 
-1.778820359073495 
-1.853175670135117 
-1.717271515203428 
