-0.054187392366330 
0.000888926709399 
0.020922853055468 
0.071845674748848 
0.117687714113049 
0.156888040077538 
0.207187977295920 
0.253339822244649 
0.294419700135401 
0.328472210016532 
0.352382641109107 
0.364531578640709 
0.364531578610467 
0.352382641130538 
0.328472210019194 
0.294419700187922 
0.253339822322212 
0.207187977387943 
0.156888040092269 
0.117687713833376 
0.071845673811352 
0.020922846166477 
0.000888918479038 
-0.054187393641701 
1.698645766368964 
1.773070988669708 
1.727345585293965 
1.612545763858487 
1.513708472189653 
1.390460617001149 
1.237172341432662 
1.053729142763094 
0.845556522596177 
0.618059561141195 
0.376516675765208 
0.126454623512388 
-0.126454623514071 
-0.376516675762417 
-0.618059561149252 
-0.845556522610643 
-1.053729142772170 
-1.237172341471219 
-1.390460617020548 
-1.513708472049488 
-1.612545762046840 
-1.727345561555534 
-1.773070949903410 
-1.698645757691420 
