-0.053079268171671 
0.001753706107371 
0.016755058846365 
0.065470313315221 
0.093677875143104 
0.142428149423018 
0.188833915160755 
0.233804386964001 
0.285759513509944 
0.324861067195459 
0.351907745718975 
0.367502730414838 
0.367502730466761 
0.351907745755689 
0.324861067405147 
0.285759513787633 
0.233804387440292 
0.188833915866039 
0.142428149012647 
0.093677867908203 
0.065470304241647 
0.016755046551325 
0.001753688993750 
-0.053079271258265 
1.703144609069698 
1.791191938545573 
1.735473094875970 
1.610728525142428 
1.504639977995330 
1.385396086221442 
1.232333520410591 
1.049049199657521 
0.843816821547127 
0.617513349311408 
0.376361167108314 
0.126459667907763 
-0.126459667912684 
-0.376361167107230 
-0.617513349350928 
-0.843816821605749 
-1.049049199771953 
-1.232333520615852 
-1.385396085940102 
-1.504639974711160 
-1.610728515891246 
-1.735473009040723 
-1.791191792744345 
-1.703144575484845 
