-0.053048036692830 
0.001764268149940 
0.016612108607550 
0.065327178765787 
0.093130296559304 
0.142036609023544 
0.188319915458806 
0.233294591832852 
0.285454539916823 
0.324653085425484 
0.351786341607423 
0.367449380538876 
0.367449380577903 
0.351786341638267 
0.324653085656202 
0.285454540227156 
0.233294592377177 
0.188319916291733 
0.142036608817682 
0.093130289422431 
0.065327169230417 
0.016612095367175 
0.001764251137856 
-0.053048039660280 
1.703281006294169 
1.791734277945717 
1.735705909614317 
1.610682822605137 
1.504425883618564 
1.385260000346236 
1.232195981417783 
1.048926852127529 
0.843754462431376 
0.617478879814844 
0.376345381147008 
0.126455451478725 
-0.126455451482810 
-0.376345381146187 
-0.617478879858085 
-0.843754462496939 
-1.048926852259432 
-1.232195981659853 
-1.385260000133098 
-1.504425880358890 
-1.610682811601642 
-1.735705795475887 
-1.791734080858016 
-1.703280960276562 
