-0.053773092033468 
0.001159726639485 
0.019166633211881 
0.069023136544901 
0.107877897694915 
0.151192249962757 
0.200152844288471 
0.245861671038297 
0.291613219798634 
0.327906585014751 
0.353130339943770 
0.366756137668862 
0.366756137666712 
0.353130339973181 
0.327906585086885 
0.291613219912424 
0.245861671250507 
0.200152844680968 
0.151192249954515 
0.107877894939470 
0.069023132958214 
0.019166625168408 
0.001159715820372 
-0.053773093871514 
1.700339880657478 
1.779878501550402 
1.730332343501678 
1.611704699770489 
1.510005155167640 
1.388456261663705 
1.235322340130058 
1.051933344528263 
0.844977174460965 
0.617959911280935 
0.376529576916043 
0.126483228799160 
-0.126483228801834 
-0.376529576913934 
-0.617959911298954 
-0.844977174487072 
-1.051933344574335 
-1.235322340254964 
-1.388456261606747 
-1.510005153866079 
-1.611704695360979 
-1.730332297538921 
-1.779878423884240 
-1.700339862854563 
