-0.054231198286825 
0.000919232657339 
0.021310087598093 
0.072414831752091 
0.119068143069259 
0.157688285784461 
0.208052472842226 
0.254137690314134 
0.294492178710841 
0.328131528777526 
0.351781184596639 
0.363691236710191 
0.363691236675137 
0.351781184618130 
0.328131528771568 
0.294492178756788 
0.254137690373780 
0.208052472891453 
0.157688285812375 
0.119068143129064 
0.072414831184040 
0.021310081080537 
0.000919225041414 
-0.054231199440886 
1.698450633119602 
1.772311817913778 
1.727091474290855 
1.612751757707028 
1.514233466799437 
1.390741651225073 
1.237401914263381 
1.053925986591009 
0.845585101120316 
0.618025101532440 
0.376480383503671 
0.126438396028373 
-0.126438396029875 
-0.376480383500947 
-0.618025101539245 
-0.845585101133593 
-1.053925986595120 
-1.237401914289713 
-1.390741651258003 
-1.514233466819732 
-1.612751756265641 
-1.727091453633383 
-1.772311784396237 
-1.698450625651268 
