-0.045230302845851 
0.003601266261158 
0.019300533953367 
0.053260457297473 
0.081721388637647 
0.125837925876355 
0.170351418352130 
0.210759236315579 
0.248778609025736 
0.275487093372160 
0.292408776794946 
0.301170616034162 
0.301170616030263 
0.292408776820445 
0.275487093364043 
0.248778609079368 
0.210759236390391 
0.170351418528127 
0.125837925920061 
0.081721388664316 
0.053260460439611 
0.019300552953332 
0.003601281849264 
-0.045230301298235 
2.301599641509158 
2.369215538774265 
2.308878154909064 
2.196630377425292 
2.067779464058482 
1.899011117603223 
1.687847250587955 
1.437499291241409 
1.154457402796854 
0.844193007156908 
0.514341360813067 
0.172756314395799 
-0.172756314395435 
-0.514341360815106 
-0.844193007157322 
-1.154457402803163 
-1.437499291261064 
-1.687847250618097 
-1.899011117619319 
-2.067779464090224 
-2.196630379271588 
-2.308878161838288 
-2.369215538819654 
-2.301599640104329 
