-0.042792687100663 
0.007714243424967 
0.011658213993997 
0.032621193742503 
0.030380327462504 
0.074634002281570 
0.116424740222241 
0.163880124358377 
0.219430979384682 
0.257382989138461 
0.281713716035818 
0.295197989522931 
0.295197989514322 
0.281713716090544 
0.257382989143614 
0.219430979466055 
0.163880124494788 
0.116424740555384 
0.074634002537344 
0.030380328920363 
0.032621202462987 
0.011658260387716 
0.007714281170933 
-0.042792683450494 
2.311134154445015 
2.407654316099133 
2.326286316006451 
2.191192292288437 
2.052587308273853 
1.886599597824019 
1.678326694418634 
1.431164599863619 
1.151688420859424 
0.843115860276364 
0.513979332165284 
0.172687438175707 
-0.172687438175204 
-0.513979332168359 
-0.843115860279111 
-1.151688420869356 
-1.431164599904248 
-1.678326694476223 
-1.886599597912615 
-2.052587308765968 
-2.191192297358563 
-2.326286333557638 
-2.407654316256630 
-2.311134150921240 
