-0.057598350958474 
0.001060266193539 
0.020329025777943 
0.070401964370054 
0.117225676454082 
0.161160971847053 
0.213824642105242 
0.259833501404440 
0.307513840782181 
0.347104797929172 
0.374462527271479 
0.389042702871755 
0.389042702861745 
0.374462527313752 
0.347104798061401 
0.307513841278298 
0.259833502930370 
0.213824644610831 
0.161160973507738 
0.117225677858908 
0.070401966856155 
0.020329028369556 
0.001060267473211 
-0.057598350844730 
1.518890783944842 
1.597104784060635 
1.561998498313979 
1.447702515135863 
1.346607204083763 
1.233755757552716 
1.099792713191635 
0.937284212184478 
0.753896788044279 
0.552156438128120 
0.336730147315084 
0.113153647991837 
-0.113153647995754 
-0.336730147319631 
-0.552156438158873 
-0.753896788184050 
-0.937284212670840 
-1.099792714007362 
-1.233755758208380 
-1.346607204914807 
-1.447702516832227 
-1.561998500497195 
-1.597104785680892 
-1.518890784182128 
