-0.057799287519162 
0.002186193505505 
0.023818840630711 
0.071864181829021 
0.127540758865458 
0.166535726483273 
0.217254037543408 
0.265284608146477 
0.308809001342087 
0.345208102426562 
0.370905279025063 
0.384053988678212 
0.384053988657725 
0.370905279070279 
0.345208102463008 
0.308809001536449 
0.265284608832388 
0.217254039033137 
0.166535729088967 
0.127540762199076 
0.071864183803617 
0.023818840887057 
0.002186193482242 
-0.057799287532149 
1.517537919268477 
1.591818561332686 
1.560317187314112 
1.448088509843891 
1.350955782205334 
1.236072999378057 
1.100807510959256 
0.938834833785355 
0.754312349616627 
0.551941150909868 
0.336465794595746 
0.113036810168051 
-0.113036810171934 
-0.336465794601269 
-0.551941150920414 
-0.754312349676105 
-0.938834833996384 
-1.100807511444529 
-1.236073000462552 
-1.350955783830572 
-1.448088511081947 
-1.560317187412601 
-1.591818561056888 
-1.517537919201012 
