-0.057695375839185 
0.001878245734176 
0.022912200169760 
0.072082342216346 
0.123573991765771 
0.164555051672633 
0.215733307177714 
0.262426045571106 
0.307312301500339 
0.344580962660447 
0.370644627322297 
0.384249859409773 
0.384249859385926 
0.370644627302565 
0.344580962762070 
0.307312301875083 
0.262426046686769 
0.215733309155172 
0.164555053804361 
0.123573994340361 
0.072082345256082 
0.022912202027008 
0.001878246043137 
-0.057695375835190 
1.518185605361631 
1.594470177542284 
1.561537090455430 
1.448375158308327 
1.349321788608589 
1.235205250191191 
1.100375102568964 
0.938046256897242 
0.753956486204200 
0.551834475709355 
0.336425955389788 
0.113030976623426 
-0.113030976626322 
-0.336425955390294 
-0.551834475732960 
-0.753956486309864 
-0.938046257246556 
-1.100375103210867 
-1.235205251045212 
-1.349321789940909 
-1.448375160127209 
-1.561537091497374 
-1.594470177711570 
-1.518185605359859 
