-0.057382220755200 
0.001124347560240 
0.019541538988800 
0.071481322603422 
0.115427872710685 
0.159117230239691 
0.209614805058261 
0.256082252828494 
0.303584412949773 
0.341990387232190 
0.369657624369261 
0.384350970432178 
0.384350970470215 
0.369657624557370 
0.341990387690070 
0.303584413848356 
0.256082254237390 
0.209614807203701 
0.159117232470514 
0.115427874319325 
0.071481323973943 
0.019541539907210 
0.001124347730241 
-0.057382220785521 
1.519991951099040 
1.601870186467462 
1.564526549377822 
1.448509853486776 
1.345991875063779 
1.233004857800544 
1.098490733920225 
0.936236785698430 
0.753136720469810 
0.551405643180075 
0.336290119482959 
0.113017960621472 
-0.113017960630791 
-0.336290119506494 
-0.551405643265198 
-0.753136720693737 
-0.936236786143713 
-1.098490734627619 
-1.233004858725777 
-1.345991875957445 
-1.448509854588086 
-1.564526549857156 
-1.601870186345987 
-1.519991951028769 
