-0.061279688266972 
0.000660497241519 
0.022832956073525 
0.074380628899860 
0.134060969293533 
0.174730343872867 
0.229109797426113 
0.280821189359432 
0.325974521678966 
0.366588483401204 
0.395378680925760 
0.409496421488921 
0.409496421496792 
0.395378680952551 
0.366588483458422 
0.325974521677277 
0.280821189415092 
0.229109797352330 
0.174730343762399 
0.134060969147491 
0.074380629026990 
0.022832957330378 
0.000660498338958 
-0.061279688123664 
1.360759836540236 
1.441324339112361 
1.414459281541179 
1.296552076427218 
1.207671157854811 
1.100985382129577 
0.980187170885246 
0.837392597588071 
0.673221189954431 
0.493302612751756 
0.301013763581672 
0.101143274638078 
-0.101143274643381 
-0.301013763585440 
-0.493302612760705 
-0.673221189963249 
-0.837392597592592 
-0.980187170865764 
-1.100985382108016 
-1.207671157774513 
-1.296552075226340 
-1.414459257915802 
-1.441324294375413 
-1.360759825533230 
