-0.061282250855259 
0.000489700675161 
0.022272896096048 
0.073817462986738 
0.133371436091416 
0.174367507598209 
0.228919340458961 
0.280826731368187 
0.326461512029111 
0.367378818976323 
0.396417979713764 
0.410728442327195 
0.410728442335760 
0.396417979744387 
0.367378819039765 
0.326461512034223 
0.280826731440305 
0.228919340411348 
0.174367507510372 
0.133371435860071 
0.073817463034172 
0.022272897510537 
0.000489701871505 
-0.061282250708849 
1.360788849624376 
1.441369959791790 
1.414229516492767 
1.296256165994121 
1.207330361561717 
1.100814905896450 
0.980114264611741 
0.837378794184249 
0.673329111916687 
0.493438785422587 
0.301118563143512 
0.101183714506779 
-0.101183714512055 
-0.301118563147764 
-0.493438785432710 
-0.673329111927411 
-0.837378794194410 
-0.980114264602822 
-1.100814905881765 
-1.207330361427327 
-1.296256164875568 
-1.414229495499893 
-1.441369919812783 
-1.360788839757517 
