-0.057868907306385 
0.002058679990261 
0.023247651220852 
0.070471110169837 
0.129021784566257 
0.166895218887304 
0.217389173603620 
0.267362222257289 
0.310749948205473 
0.347026193758235 
0.373188807956479 
0.386433007638109 
0.386433007616266 
0.373188808017437 
0.347026193815032 
0.310749948385607 
0.267362222668148 
0.217389174666792 
0.166895221764307 
0.129021788519456 
0.070471112227062 
0.023247651412289 
0.002058679985304 
-0.057868907310830 
1.517206591667947 
1.590334239534470 
1.559142572043565 
1.447270970361760 
1.351533422102474 
1.236298283403739 
1.100804081701132 
0.939379740244005 
0.754737708006754 
0.552201634695032 
0.336662194816074 
0.113110503942794 
-0.113110503946418 
-0.336662194822738 
-0.552201634708759 
-0.754737708056826 
-0.939379740362342 
-1.100804082063410 
-1.236298284607364 
-1.351533424005220 
-1.447270971581965 
-1.559142572182901 
-1.590334239420451 
-1.517206591636977 
