-0.057734724030016 
0.001429442998088 
0.021479283749568 
0.070147400635622 
0.122244709250918 
0.163661997746247 
0.215615558317327 
0.263380376955536 
0.309340677279966 
0.347708263392649 
0.374618420702165 
0.388661837425448 
0.388661837411213 
0.374618420756601 
0.347708263477010 
0.309340677603713 
0.263380377991045 
0.215615560213562 
0.163661999907512 
0.122244711716613 
0.070147402800948 
0.021479284776417 
0.001429443291837 
-0.057734724020420 
1.518088046729699 
1.593833620729626 
1.560513369885780 
1.447368370302339 
1.348696180549817 
1.234860187094312 
1.100307287867196 
0.938270675202666 
0.754345208604629 
0.552271449526276 
0.336765490443278 
0.113157213732625 
-0.113157213736426 
-0.336765490448837 
-0.552271449545592 
-0.754345208696956 
-0.938270675528042 
-1.100307288490015 
-1.234860187975995 
-1.348696181827297 
-1.447368371676429 
-1.560513370477162 
-1.593833620776622 
-1.518088046704331 
