-0.057853007214151 
0.001899903193456 
0.022789859284712 
0.070181345314437 
0.127757488386783 
0.166269586709547 
0.217098525230849 
0.266835003467876 
0.310773907397285 
0.347524220614927 
0.373909042593840 
0.387337598467971 
0.387337598447319 
0.373909042653565 
0.347524220675895 
0.310773907600388 
0.266835003981415 
0.217098526428425 
0.166269589467349 
0.127757492102393 
0.070181347405143 
0.022789859623770 
0.001899903238615 
-0.057853007216148 
1.517335830220501 
1.590816809023893 
1.559237484820321 
1.447164840888943 
1.350997320941157 
1.236025993236594 
1.100719861727205 
0.939228616408235 
0.754722277788938 
0.552266758422733 
0.336720115134623 
0.113133326084492 
-0.113133326088084 
-0.336720115140959 
-0.552266758437220 
-0.754722277845532 
-0.939228616560246 
-1.100719862131984 
-1.236025994386394 
-1.350997322745187 
-1.447164842137918 
-1.559237485035255 
-1.590816808936811 
-1.517335830190714 
