-0.057532946078181 
0.000931899918165 
0.019767465131952 
0.070423789838575 
0.115426915475112 
0.160111394450026 
0.212818855180454 
0.258471764863731 
0.306743107180182 
0.346668571282046 
0.374270457456829 
0.389060303622386 
0.389060303616730 
0.374270457509893 
0.346668571466359 
0.306743107763916 
0.258471766519108 
0.212818857809355 
0.160111395967152 
0.115426916573606 
0.070423792311353 
0.019767468082488 
0.000931901533726 
-0.057532945919122 
1.519245479351552 
1.598555152510129 
1.562619999325877 
1.447786428905310 
1.345851954063890 
1.233309603346080 
1.099485790715846 
0.936897897533032 
0.753711563017021 
0.552071974214078 
0.336697727786836 
0.113147433463337 
-0.113147433467636 
-0.336697727793514 
-0.552071974256090 
-0.753711563179689 
-0.936897898061556 
-1.099485791568939 
-1.233309603938572 
-1.345851954762869 
-1.447786430660577 
-1.562620002221291 
-1.598555155107432 
-1.519245479783802 
