-0.080485846590752 
0.000855136104654 
0.084756035530604 
0.168164780384950 
0.244794130060004 
0.310994684406612 
0.366912257133519 
0.413902988483352 
0.452648942657520 
0.482859537054904 
0.503718564167655 
0.514396275074786 
0.514396275058707 
0.503718564147777 
0.482859537063434 
0.452648942666571 
0.413902988494965 
0.366912257130678 
0.310994684414694 
0.244794130062506 
0.168164780387759 
0.084756035531716 
0.000855136105057 
-0.080485846590760 
0.822708409773630 
0.836111539146609 
0.835915159966297 
0.813147707178333 
0.764326609344285 
0.694609667773201 
0.610078616399373 
0.514632206523481 
0.410385113137663 
0.298854044027018 
0.181704618635375 
0.060978149720981 
-0.060978149719972 
-0.181704618630592 
-0.298854044033976 
-0.410385113137897 
-0.514632206529928 
-0.610078616398976 
-0.694609667778164 
-0.764326609350829 
-0.813147707181676 
-0.835915159971587 
-0.836111539147457 
-0.822708409773621 
-0.080490071482996 
0.000760222462042 
0.084004532130924 
0.165319502643813 
0.239222671756669 
0.304930829748148 
0.363608156216048 
0.414960272289708 
0.457866423823026 
0.491238346520330 
0.514132059664840 
0.525793676262478 
0.525793676266921 
0.514132059669919 
0.491238346525480 
0.457866423814583 
0.414960272286170 
0.363608156214416 
0.304930829751678 
0.239222671756779 
0.165319502644372 
0.084004532131662 
0.000760222462245 
-0.080490071483008 
0.822765619209794 
0.836295101122967 
0.834645682760505 
0.808396096461672 
0.757537274135369 
0.689190034794847 
0.607748635678120 
0.514909296969606 
0.412008632739358 
0.300719999025169 
0.183085116938137 
0.061479427211085 
-0.061479427212916 
-0.183085116935920 
-0.300719999029005 
-0.412008632733902 
-0.514909296970193 
-0.607748635678168 
-0.689190034796508 
-0.757537274137824 
-0.808396096461799 
-0.834645682763561 
-0.836295101123209 
-0.822765619209821 
-0.080480798991331 
0.000958239342776 
0.084818105116131 
0.166110835446222 
0.238619857991896 
0.303037227607916 
0.361265313589263 
0.412719575800053 
0.456135395139135 
0.490272407795659 
0.513891386237689 
0.525978869614469 
0.525978869628122 
0.513891386238894 
0.490272407797365 
0.456135395131320 
0.412719575797280 
0.361265313581532 
0.303037227610688 
0.238619857989855 
0.166110835445716 
0.084818105116133 
0.000958239343066 
-0.080480798991348 
0.822940700366148 
0.838012631263787 
0.838377630264688 
0.810925016358655 
0.757348032867494 
0.687747706791510 
0.606285627259794 
0.513789545699259 
0.411319420762016 
0.300410944145204 
0.183001867116075 
0.061471496129641 
-0.061471496132306 
-0.183001867112323 
-0.300410944148975 
-0.411319420756437 
-0.513789545700061 
-0.606285627256668 
-0.687747706791615 
-0.757348032868578 
-0.810925016355287 
-0.838377630267369 
-0.838012631264112 
-0.822940700366158 
-0.080447604349592 
0.001697887359566 
0.087225925929349 
0.165987083752574 
0.233179416283487 
0.296734451695798 
0.355964730139190 
0.408064230950404 
0.452450813772540 
0.487515731593889 
0.511606417859910 
0.523855801840708 
0.523855801830959 
0.511606417791986 
0.487515731654589 
0.452450813768891 
0.408064230925264 
0.355964730132866 
0.296734451663335 
0.233179416270124 
0.165987083747494 
0.087225925931884 
0.001697887358409 
-0.080447604349625 
0.823892848963288 
0.846473006259749 
0.853209696833790 
0.815664991887597 
0.752247873829674 
0.682524220850522 
0.602904179109497 
0.511421579558799 
0.409831213926970 
0.299605425395010 
0.182606684326417 
0.061350900770365 
-0.061350900767281 
-0.182606684319285 
-0.299605425410686 
-0.409831213924725 
-0.511421579546845 
-0.602904179104322 
-0.682524220827161 
-0.752247873813008 
-0.815664991887057 
-0.853209696825691 
-0.846473006254720 
-0.823892848963348 
-0.080446507292735 
0.001676824672958 
0.085962944988073 
0.162662732069944 
0.232619427696247 
0.298217216242473 
0.355151480896118 
0.406063891867527 
0.450866608380264 
0.486764150058981 
0.512347861601300 
0.525924045728781 
0.525924045800805 
0.512347861671111 
0.486764149994329 
0.450866608304824 
0.406063891873646 
0.355151480880143 
0.298217216226094 
0.232619427681356 
0.162662732051204 
0.085962944983273 
0.001676824671593 
-0.080446507292756 
0.824492415889570 
0.850312423916934 
0.855174270864118 
0.811654512932709 
0.751060206144013 
0.683773870559236 
0.602551198267115 
0.510435141813017 
0.409252203996419 
0.299397876579799 
0.182666203542317 
0.061425935553715 
-0.061425935565850 
-0.182666203543756 
-0.299397876555976 
-0.409252203977461 
-0.510435141814514 
-0.602551198256881 
-0.683773870549087 
-0.751060206123421 
-0.811654512909403 
-0.855174270844407 
-0.850312423910784 
-0.824492415889442 
-0.080446781690964 
0.001624908946550 
0.085218434624832 
0.161311944100364 
0.232365605668161 
0.297738265114907 
0.354556887910670 
0.406728879404876 
0.451899983265489 
0.487305669482897 
0.512026515417791 
0.524695778958211 
0.524695778948365 
0.512026515406925 
0.487305669438266 
0.451899983242419 
0.406728879403140 
0.354556887866401 
0.297738265086890 
0.232365605644630 
0.161311944079517 
0.085218434617133 
0.001624908944661 
-0.080446781690966 
0.824825633681286 
0.852262658447610 
0.855794820965128 
0.809817423764885 
0.750624175235566 
0.683459673386556 
0.602086101184786 
0.510701613669327 
0.409683904203690 
0.299604585314684 
0.182681409746519 
0.061394443700617 
-0.061394443702370 
-0.182681409739210 
-0.299604585301902 
-0.409683904202908 
-0.510701613662549 
-0.602086101157625 
-0.683459673367478 
-0.750624175206779 
-0.809817423736244 
-0.855794820937654 
-0.852262658439388 
-0.824825633680965 
-0.080444687970507 
0.001580211878865 
0.084267723651830 
0.159634723505012 
0.231818691891296 
0.296606638351157 
0.353853081759893 
0.407152248218259 
0.451748378043483 
0.486676914933152 
0.511304054727509 
0.523814765523558 
0.523814765473668 
0.511304054733301 
0.486676914916706 
0.451748378012161 
0.407152248178237 
0.353853081709692 
0.296606638324110 
0.231818691857269 
0.159634723475172 
0.084267723638733 
0.001580211876364 
-0.080444687970482 
0.825428294959346 
0.855898341764448 
0.857741677384075 
0.807780287789607 
0.749930784645819 
0.682622486582838 
0.601500976265912 
0.510911902117327 
0.409702872789463 
0.299467250700990 
0.182586399536800 
0.061356923083603 
-0.061356923082025 
-0.182586399534964 
-0.299467250694283 
-0.409702872783870 
-0.510911902090492 
-0.601500976237593 
-0.682622486563886 
-0.749930784604548 
-0.807780287746377 
-0.857741677342815 
-0.855898341751804 
-0.825428294958529 
-0.080447141289134 
0.001364130026870 
0.082917943686679 
0.158767635515540 
0.232089844681648 
0.295543297262218 
0.353702196872128 
0.406856058084147 
0.450899665186483 
0.486686043975013 
0.511128948254171 
0.523081876233663 
0.523081876215658 
0.511128948206120 
0.486686043919415 
0.450899665172046 
0.406856058064211 
0.353702196825962 
0.295543297206414 
0.232089844631045 
0.158767635480620 
0.082917943664488 
0.001364130021730 
-0.080447141289095 
0.826047051928379 
0.859039978245915 
0.858093934480705 
0.806185644419278 
0.750275597475197 
0.681824695230377 
0.601289897735517 
0.510852856954102 
0.409360563512824 
0.299448730052367 
0.182601542998034 
0.061333439533738 
-0.061333439533426 
-0.182601542984810 
-0.299448730037505 
-0.409360563517229 
-0.510852856935901 
-0.601289897705939 
-0.681824695190807 
-0.750275597415065 
-0.806185644364402 
-0.858093934411627 
-0.859039978222871 
-0.826047051926748 
-0.080456982981785 
0.000781669588868 
0.080252093616312 
0.158259496343934 
0.232853240013686 
0.293692699971000 
0.353716703570614 
0.406339967724171 
0.450365830048001 
0.485830901218985 
0.509624557765603 
0.523458967368536 
0.523458967387951 
0.509624557767278 
0.485830901261916 
0.450365829986207 
0.406339967611948 
0.353716703497875 
0.293692699888642 
0.232853239943625 
0.158259496292518 
0.080252093576568 
0.000781669579402 
-0.080456982981713 
0.827151759939192 
0.863961122516760 
0.857145673383971 
0.804223128161533 
0.751432995903905 
0.680345041610639 
0.601161033288758 
0.510689071514320 
0.409113090101281 
0.299319246954930 
0.182322866554022 
0.061250264673144 
-0.061250264676712 
-0.182322866552040 
-0.299319246960966 
-0.409113090082340 
-0.510689071449635 
-0.601161033244382 
-0.680345041553564 
-0.751432995817673 
-0.804223128076071 
-0.857145673261804 
-0.863961122470405 
-0.827151759935115 
-0.080460474419703 
0.000659891374435 
0.080109089537735 
0.158777868426112 
0.232660207961033 
0.293839278075945 
0.353929557186503 
0.405704662388894 
0.450186872995728 
0.486046829827135 
0.510090524371283 
0.523027095437108 
0.523027095443332 
0.510090524349264 
0.486046829815953 
0.450186872916578 
0.405704662307167 
0.353929557120844 
0.293839277981574 
0.232660207879753 
0.158777868365366 
0.080109089496220 
0.000659891364533 
-0.080460474419658 
0.827228665931428 
0.864014309069129 
0.856679231659364 
0.804775384248089 
0.751383169768444 
0.680352667537451 
0.601387448848491 
0.510372064823181 
0.409004355924795 
0.299347323267856 
0.182406923242988 
0.061281559676785 
-0.061281559678925 
-0.182406923236206 
-0.299347323258286 
-0.409004355904605 
-0.510372064772893 
-0.601387448806737 
-0.680352667469787 
-0.751383169669536 
-0.804775384150496 
-0.856679231530634 
-0.864014309017243 
-0.827228665926524 
-0.080465323691804 
0.000483023078181 
0.079822043981663 
0.159347777279690 
0.232413575501856 
0.293948166946155 
0.354105094173514 
0.405326796619077 
0.450295209630645 
0.485930874159445 
0.510270473221979 
0.522894822911890 
0.522894822891790 
0.510270473152302 
0.485930874117496 
0.450295209554947 
0.405326796550441 
0.354105094098192 
0.293948166835999 
0.232413575409589 
0.159347777207961 
0.079822043935083 
0.000483023066703 
-0.080465323691783 
0.827358162278667 
0.864199703504995 
0.855976412380943 
0.805309782141290 
0.751309377956808 
0.680312372032155 
0.601589038852740 
0.510154322894777 
0.409034309591340 
0.299316021561267 
0.182418575154195 
0.061305116433119 
-0.061305116431567 
-0.182418575140515 
-0.299316021543826 
-0.409034309576095 
-0.510154322848803 
-0.601589038803295 
-0.680312371952224 
-0.751309377842976 
-0.805309782028506 
-0.855976412236612 
-0.864199703443848 
-0.827358162272616 
-0.080476014276679 
0.000036786478388 
0.078825968481520 
0.160147329371650 
0.231741560859189 
0.294052959266926 
0.354083795549463 
0.404814348800963 
0.450519047263026 
0.485412446920718 
0.510402406679137 
0.522622676519133 
0.522622676585803 
0.510402406788410 
0.485412446858756 
0.450519047118451 
0.404814348689579 
0.354083795402897 
0.294052959097624 
0.231741560724270 
0.160147329259271 
0.078825968424607 
0.000036786462290 
-0.080476014276876 
0.827845727485659 
0.865635949394076 
0.854690465903457 
0.805874904805470 
0.750965617799551 
0.680148637553078 
0.601742822215526 
0.509804919071009 
0.409147681277181 
0.299181795458873 
0.182406656592203 
0.061337936087230 
-0.061337936100842 
-0.182406656600187 
-0.299181795425915 
-0.409147681240737 
-0.509804918999529 
-0.601742822119051 
-0.680148637427734 
-0.750965617635695 
-0.805874904635554 
-0.854690465717330 
-0.865635949302881 
-0.827845727476121 
-0.080494870834092 
-0.000727928904202 
0.077192549737103 
0.161091868416958 
0.230391719182654 
0.294311410712812 
0.353313875115307 
0.404803203547128 
0.450240799446837 
0.485173326763799 
0.510266896054790 
0.522470502767653 
0.522470501407787 
0.510266893635729 
0.485173326627009 
0.450240800148955 
0.404803203387193 
0.353313874356069 
0.294311409211077 
0.230391717925621 
0.161091867863458 
0.077192549570947 
-0.000727928958380 
-0.080494870835123 
0.828734763516220 
0.868338659782431 
0.852866851372916 
0.806529835343515 
0.750004418521028 
0.680051258351895 
0.601451242097010 
0.509641442150817 
0.409146647209241 
0.299053800509545 
0.182426506136342 
0.061297434318686 
-0.061297434104220 
-0.182426505844649 
-0.299053800545752 
-0.409146647522439 
-0.509641442001727 
-0.601451241496836 
-0.680051257097365 
-0.750004417141680 
-0.806529834677585 
-0.852866850902463 
-0.868338659591732 
-0.828734763502975 
-0.080502815607412 
-0.001006834992092 
0.076617171462548 
0.161302682242938 
0.230076867822667 
0.294718121216176 
0.353035039189554 
0.404863413627386 
0.450046875523875 
0.484988208435339 
0.509868755878114 
0.522186414999211 
0.522186418899988 
0.509868760972186 
0.484988207881915 
0.450046871524042 
0.404863411198878 
0.353035038830715 
0.294718120963046 
0.230076867100330 
0.161302681408888 
0.076617171066290 
-0.001006835091308 
-0.080502815610168 
0.829067294986779 
0.869350354039827 
0.852265864936201 
0.806624854456266 
0.749759986638883 
0.680309267193994 
0.601348233364779 
0.509618767813901 
0.409118431608700 
0.298989356905027 
0.182390458255551 
0.061256352563816 
-0.061256353091800 
-0.182390458883659 
-0.298989356352579 
-0.409118430162306 
-0.509618766741211 
-0.601348233154579 
-0.680309266972791 
-0.749759985646859 
-0.806624853281674 
-0.852265863966463 
-0.869350353693643 
-0.829067294960795 
-0.080511697974153 
-0.001290882643412 
0.076077602914350 
0.161486521560759 
0.229616653965844 
0.294786884671680 
0.352571791668572 
0.405181288014854 
0.449745581354152 
0.485057911891466 
0.509733689601350 
0.522262038875781 
0.522262035274840 
0.509733683753527 
0.485057911077850 
0.449745583270264 
0.405181288112917 
0.352571790011785 
0.294786883117261 
0.229616652977983 
0.161486520623687 
0.076077602395333 
-0.001290882785337 
-0.080511697978934 
0.829396591202350 
0.870321595155229 
0.851703925469767 
0.806734898988356 
0.749369206848147 
0.680313721394757 
0.601076975995305 
0.509732128586917 
0.409057838873300 
0.298965852796531 
0.182406850072513 
0.061217949127456 
-0.061217948584128 
-0.182406849351697 
-0.298965852793833 
-0.409057839707033 
-0.509732128435722 
-0.601076974795449 
-0.680313720220534 
-0.749369205598250 
-0.806734897631270 
-0.851703924151169 
-0.870321594639423 
-0.829396591159576 
-0.080556972689779 
-0.002112684140512 
0.072877699753084 
0.156144428679055 
0.224634579809388 
0.291654886725327 
0.352209050559880 
0.408332477174834 
0.456392345185165 
0.495161417343453 
0.522279226191110 
0.536332430683278 
0.536332440639047 
0.522279240300117 
0.495161416766794 
0.456392335970708 
0.408332472996285 
0.352209051207205 
0.291654886824058 
0.224634578861044 
0.156144427607034 
0.072877699149474 
-0.002112684324458 
-0.080556972698383 
0.829180751017719 
0.867509237042580 
0.844185898574764 
0.798347340577711 
0.743571424150560 
0.677457231497304 
0.600562333927765 
0.511104655977825 
0.411372275616155 
0.301481100962701 
0.184270383455509 
0.061898707537620 
-0.061898709270156 
-0.184270385214765 
-0.301481099614387 
-0.411372272167798 
-0.511104654350993 
-0.600562334399512 
-0.677457231483028 
-0.743571422877583 
-0.798347339072075 
-0.844185897065124 
-0.867509236355583 
-0.829180750948728 
-0.080546705759792 
-0.001897004575766 
0.073894038558889 
0.158138285508704 
0.226926016676133 
0.293535061155812 
0.353175538624433 
0.407912862672083 
0.454243169953588 
0.491159428370290 
0.516716002825488 
0.529811991979244 
0.529811991073039 
0.516716001238709 
0.491159427661961 
0.454243169299067 
0.407912861913813 
0.353175537753210 
0.293535060034317 
0.226926015650077 
0.158138284532808 
0.073894037980252 
-0.001897004755718 
-0.080546705768169 
0.829229769956642 
0.868185507833462 
0.846346836141556 
0.801352399249937 
0.746207145440506 
0.679190253202914 
0.601340388184400 
0.511007348311492 
0.410634937225150 
0.300466166949168 
0.183420041692510 
0.061569243301408 
-0.061569243571354 
-0.183420041316191 
-0.300466166434847 
-0.410634937190830 
-0.511007347990856 
-0.601340387455545 
-0.679190252279191 
-0.746207144171939 
-0.801352397869560 
-0.846346834657347 
-0.868185507150428 
-0.829229769888363 
-0.080557724329368 
-0.002026001713322 
0.073738010028427 
0.158367451429476 
0.227540609798858 
0.294142896701058 
0.353608019756278 
0.408051482886745 
0.454019673457073 
0.490773696810690 
0.516302614400182 
0.529456830342529 
0.529456831092416 
0.516302615270697 
0.490773696491616 
0.454019671948311 
0.408051481570733 
0.353608018829974 
0.294142895700880 
0.227540608871135 
0.158367450488635 
0.073738009440289 
-0.002026001906812 
-0.080557724339075 
0.829174703121930 
0.867663824876281 
0.845686728550721 
0.801543207442435 
0.746866042923663 
0.679746371852868 
0.601650574210467 
0.511111828071952 
0.410563758178937 
0.300367505448381 
0.183352253506911 
0.061548418602140 
-0.061548419101978 
-0.183352253464182 
-0.300367504921277 
-0.410563757790026 
-0.511111827494516 
-0.601650573476241 
-0.679746371042810 
-0.746866041758238 
-0.801543206101966 
-0.845686727016849 
-0.867663824132332 
-0.829174703044563 
-0.080584149933330 
-0.002325722021939 
0.073387514224684 
0.158715149704022 
0.228352676790571 
0.294810832896960 
0.354155821453975 
0.408500789463229 
0.454331068208401 
0.490991613186042 
0.516196836439192 
0.529104354990537 
0.529104353210467 
0.516196833576886 
0.490991612746827 
0.454331068901511 
0.408500789198567 
0.354155820256753 
0.294810831592189 
0.228352675849271 
0.158715148819237 
0.073387513621410 
-0.002325722242494 
-0.080584149946102 
0.829037909478568 
0.866403647695190 
0.844140794485434 
0.801791086472811 
0.747763014961107 
0.680378867061863 
0.602021415331576 
0.511368751542475 
0.410685134636222 
0.300440510860702 
0.183351368291049 
0.061537251308821 
-0.061537251444010 
-0.183351367756295 
-0.300440510529528 
-0.410685135135561 
-0.511368751384968 
-0.602021414367715 
-0.680378866024231 
-0.747763013809491 
-0.801791085209080 
-0.844140792851766 
-0.866403646814182 
-0.829037909378788 
-0.080624183162496 
-0.002717816498261 
0.073193320983070 
0.159299069251282 
0.228849126991791 
0.295235097684429 
0.354916417317050 
0.409150075877714 
0.454493281105126 
0.490882328966592 
0.516401924099294 
0.529963085651118 
0.529963091696288 
0.516401932881188 
0.490882328961365 
0.454493275400203 
0.409150072846448 
0.354916417397115 
0.295235097578929 
0.228849126192510 
0.159299068307971 
0.073193320343854 
-0.002717816754868 
-0.080624183180058 
0.828816794061503 
0.864552294548959 
0.842450268259517 
0.802510342249018 
0.748377312182939 
0.680760040392270 
0.602508158964884 
0.511752790081657 
0.410765289413805 
0.300411220327442 
0.183337401593594 
0.061557869699825 
-0.061557871021621 
-0.183337402545747 
-0.300411219374323 
-0.410765287404787 
-0.511752788882347 
-0.602508158997338 
-0.680760040258589 
-0.748377311117783 
-0.802510340901685 
-0.842450266464802 
-0.864552293457783 
-0.828816793925105 
-0.080637377388101 
-0.002821415331586 
0.073249860104825 
0.159471734681692 
0.228845621791297 
0.295294885823166 
0.354916647913760 
0.409079780402382 
0.454761371318718 
0.491451571759962 
0.516713477656402 
0.529731322833289 
0.529731322861199 
0.516713477697060 
0.491451571612847 
0.454761370481542 
0.409079779427942 
0.354916647108219 
0.295294884960259 
0.228845620965704 
0.159471733838321 
0.073249859487401 
-0.002821415597732 
-0.080637377407326 
0.828738295052887 
0.863969669694491 
0.842152351571668 
0.802825049562952 
0.748384804098654 
0.680812038883674 
0.602519107456655 
0.511713302988319 
0.410836730483550 
0.300563097504065 
0.183413444425604 
0.061567858685776 
-0.061567859147576 
-0.183413444241390 
-0.300563097054025 
-0.410836730381157 
-0.511713302563829 
-0.602519106804910 
-0.680812038188008 
-0.748384803061489 
-0.802825048361794 
-0.842152349777389 
-0.863969668530724 
-0.828738294902522 
-0.080645598207718 
-0.002863164907036 
0.073395325477686 
0.159581244141397 
0.228717661648425 
0.295265928032705 
0.354873844209161 
0.409063436831174 
0.454900098744126 
0.491586649227625 
0.516808562646348 
0.529795877116864 
0.529795876321423 
0.516808561411017 
0.491586648922013 
0.454900098561074 
0.409063436240811 
0.354873843329746 
0.295265927054795 
0.228717660803829 
0.159581243317554 
0.073395324872503 
-0.002863165177100 
-0.080645598227979 
0.828684747184514 
0.863632783082665 
0.842201946310319 
0.803113396266864 
0.748246112035998 
0.680780541332705 
0.602492736830095 
0.511698487975538 
0.410881463300898 
0.300604048650354 
0.183427330884187 
0.061573758893195 
-0.061573759243420 
-0.183427330519349 
-0.300604048232127 
-0.410881463466086 
-0.511698487711856 
-0.602492736109791 
-0.680780540546536 
-0.748246110988392 
-0.803113395102818 
-0.842201944518023 
-0.863632781872213 
-0.828684747024050 
-0.080665711343487 
-0.002961400968002 
0.073738430965502 
0.159775763703612 
0.228549608464565 
0.295390711220031 
0.354869243992013 
0.409083296106418 
0.455046095576407 
0.491669763685028 
0.516940589422138 
0.529909862619599 
0.529909861704586 
0.516940588025573 
0.491669763328981 
0.455046095469692 
0.409083295597251 
0.354869243133324 
0.295390710243312 
0.228549607610689 
0.159775762899293 
0.073738430385771 
-0.002961401247889 
-0.080665711366204 
0.828553670697217 
0.862815990647449 
0.842324008544510 
0.803707991612688 
0.748020509046061 
0.680890720759825 
0.602494893641146 
0.511705308628081 
0.410931054291551 
0.300631837158861 
0.183439574010924 
0.061586123426743 
-0.061586123772483 
-0.183439573611890 
-0.300631836735199 
-0.410931054493727 
-0.511705308399510 
-0.602494892934498 
-0.680890719973030 
-0.748020507988885 
-0.803707990501113 
-0.842324006750276 
-0.862815989319912 
-0.828553670511591 
-0.080692830155814 
-0.003057970197059 
0.074238498271631 
0.159697944122736 
0.228540633757592 
0.295698998253046 
0.354807086981390 
0.409313933089343 
0.455189267498714 
0.491687409994108 
0.516985106739607 
0.529976943183919 
0.529976942069468 
0.516985104934007 
0.491687409455362 
0.455189267686146 
0.409313932816046 
0.354807086158032 
0.295698997353542 
0.228540633073185 
0.159697943452122 
0.074238497774389 
-0.003057970469927 
-0.080692830181603 
0.828374036488341 
0.861771804903762 
0.842683263030052 
0.804083234332771 
0.747810444513187 
0.681241924909619 
0.602425141280053 
0.511828916901660 
0.410989708151330 
0.300645094538345 
0.183437781145266 
0.061594538149102 
-0.061594538472258 
-0.183437780664401 
-0.300645094105080 
-0.410989708481220 
-0.511828916774266 
-0.602425140596390 
-0.681241924207767 
-0.747810443653754 
-0.804083233452381 
-0.842683261340298 
-0.861771803433932 
-0.828374036260437 
-0.080729088767916 
-0.003174187991252 
0.074903135490541 
0.159497973619656 
0.228759730293623 
0.295948234061045 
0.354921559232640 
0.409440810412519 
0.454916526987067 
0.491853375655532 
0.517221113030623 
0.530106691033857 
0.530106694259956 
0.517221118024090 
0.491853375936884 
0.454916523691344 
0.409440808470988 
0.354921559270127 
0.295948233938683 
0.228759729722868 
0.159497972960482 
0.074903135124483 
-0.003174188238659 
-0.080729088796604 
0.828142191477603 
0.860428243682579 
0.843222577945345 
0.804427536012411 
0.747755376676712 
0.681618700652257 
0.602415597588382 
0.511969399883245 
0.410853823817518 
0.300679664454950 
0.183473143455956 
0.061611749859042 
-0.061611750830460 
-0.183473143873427 
-0.300679663855808 
-0.410853822733961 
-0.511969399121321 
-0.602415597577138 
-0.681618700542233 
-0.747755375887933 
-0.804427535252031 
-0.843222576504400 
-0.860428242076485 
-0.828142191197494 
-0.080728441161121 
-0.003158037795429 
0.074902736914857 
0.159372769423193 
0.228868558500282 
0.295893264868508 
0.354890993692279 
0.409537092250718 
0.455047747752308 
0.491810933977599 
0.517033205460562 
0.530091249593692 
0.530091248576017 
0.517033204063354 
0.491810933876089 
0.455047747984239 
0.409537091953553 
0.354890993098984 
0.295893264152796 
0.228868557906953 
0.159372768814053 
0.074902736570449 
-0.003158038034168 
-0.080728441189358 
0.828150046315808 
0.860493005240647 
0.843294182780899 
0.804251493952584 
0.747831947197431 
0.681609142933828 
0.602370899422392 
0.512019902675453 
0.410904352399212 
0.300686665386487 
0.183439427427837 
0.061602222369862 
-0.061602222719212 
-0.183439427001896 
-0.300686665078818 
-0.410904352720171 
-0.512019902552983 
-0.602370898908515 
-0.681609142385303 
-0.747831946422050 
-0.804251493265637 
-0.843294181397758 
-0.860493003655187 
-0.828150046035681 
-0.080731182701582 
-0.003153258942889 
0.074961687432136 
0.159229477169728 
0.229005723468883 
0.295809747754561 
0.354928439915151 
0.409561936310597 
0.455064876997292 
0.491833734334943 
0.516978632425536 
0.530095594981382 
0.530095595177337 
0.516978632699841 
0.491833734165874 
0.455064876327296 
0.409561935715694 
0.354928439494527 
0.295809747168967 
0.229005722887575 
0.159229476526149 
0.074961687105884 
-0.003153259168847 
-0.080731182729322 
0.828140162118266 
0.860444401380300 
0.843415701719007 
0.804102342503725 
0.747918488204543 
0.681588976779042 
0.602358708837447 
0.512054598505489 
0.410897663607561 
0.300703996889284 
0.183427450594512 
0.061601675446582 
-0.061601675969250 
-0.183427450371352 
-0.300703996466411 
-0.410897663584404 
-0.512054598281791 
-0.602358708450144 
-0.681588976330843 
-0.747918487424644 
-0.804102341783498 
-0.843415700404337 
-0.860444399815249 
-0.828140161835113 
-0.080738545503464 
-0.003260155512985 
0.074558010525499 
0.158415825144962 
0.228292659402146 
0.295197795134470 
0.354898627899281 
0.409903411639103 
0.456076663475575 
0.493404679815375 
0.518982059438923 
0.532217056616543 
0.532217055848180 
0.518982058341239 
0.493404679625394 
0.456076663511270 
0.409903411259416 
0.354898627284921 
0.295197794448512 
0.228292658838355 
0.158415824488573 
0.074558010204785 
-0.003260155730021 
-0.080738545530692 
0.828105901350191 
0.860021310436588 
0.842377914404113 
0.802778537120832 
0.747026945290156 
0.681031938783329 
0.602278192324219 
0.512213244128363 
0.411242184857015 
0.301111239050756 
0.183728134178029 
0.061719883610166 
-0.061719883992572 
-0.183728133782214 
-0.301111238711588 
-0.411242185103530 
-0.512213243974617 
-0.602278191797252 
-0.681031938265468 
-0.747026944526019 
-0.802778536374447 
-0.842377913122860 
-0.860021308893026 
-0.828105901066958 
-0.080737880078917 
-0.003238206385088 
0.074688743606391 
0.158694009093944 
0.228659292012317 
0.295508594140413 
0.355079210142153 
0.409884788629220 
0.455776761288808 
0.492750281452854 
0.518092659808529 
0.531260006900200 
0.531260006929682 
0.518092659832263 
0.492750281253571 
0.455776760714946 
0.409884788031276 
0.355079209652629 
0.295508593531291 
0.228659291443670 
0.158694008427216 
0.074688743283165 
-0.003238206602195 
-0.080737880106112 
0.828109977997230 
0.860089744847947 
0.842663488129660 
0.803219944152022 
0.747452917266011 
0.681321013855481 
0.602415234378846 
0.512221017369971 
0.411144285457648 
0.300950893372001 
0.183590819286212 
0.061669836709614 
-0.061669837205328 
-0.183590819031747 
-0.300950892961886 
-0.411144285466746 
-0.512221017138789 
-0.602415233944631 
-0.681321013393538 
-0.747452916492578 
-0.803219943393668 
-0.842663486845571 
-0.860089743304464 
-0.828109977713922 
-0.080740276333359 
-0.003258296837842 
0.074673359309266 
0.158677622106569 
0.228757102160769 
0.295560205806813 
0.355177073588799 
0.409898588802799 
0.455797832626599 
0.492735580641256 
0.518086121931879 
0.531232092141256 
0.531232091934659 
0.518086121592343 
0.492735580438159 
0.455797832237501 
0.409898588271464 
0.355177073055332 
0.295560205157634 
0.228757101588999 
0.158677621433506 
0.074673358986526 
-0.003258297051872 
-0.080740276360310 
0.828099448199837 
0.859986790141443 
0.842560951696714 
0.803183915372806 
0.747544786259268 
0.681378131779750 
0.602475646060097 
0.512238158501957 
0.411148242080262 
0.300951596433813 
0.183586645766162 
0.061672374629275 
-0.061672375089540 
-0.183586645465169 
-0.300951596043748 
-0.411148242161338 
-0.512238158294691 
-0.602475645591522 
-0.681378131288872 
-0.747544785482719 
-0.803183914605330 
-0.842560950422206 
-0.859986788605587 
-0.828099447916362 
-0.080745414251711 
-0.003309839891844 
0.074581160586816 
0.158513182540443 
0.228729235100012 
0.295474701335514 
0.355257205461825 
0.410004561608242 
0.456064654653491 
0.493045192828392 
0.518484942629583 
0.531661630354572 
0.531661630452205 
0.518484942753914 
0.493045192652841 
0.456064653980414 
0.410004560963159 
0.355257204965277 
0.295474700709715 
0.228729234526008 
0.158513181849511 
0.074581160263998 
-0.003309840100942 
-0.080745414278261 
0.828074725500190 
0.859739393462039 
0.842213678195395 
0.802906267881952 
0.747476434885072 
0.681315639116463 
0.602508055337175 
0.512297896548974 
0.411238732680041 
0.301039581495397 
0.183642073029139 
0.061699501705467 
-0.061699502210946 
-0.183642072791471 
-0.301039581081437 
-0.411238732649679 
-0.512297896298928 
-0.602508054896257 
-0.681315638643598 
-0.747476434100283 
-0.802906267088794 
-0.842213676934448 
-0.859739391938222 
-0.828074725216467 
-0.080746836356138 
-0.003317721517182 
0.074603236334067 
0.158552236751373 
0.228816380968539 
0.295530925032698 
0.355327477940809 
0.410014350204573 
0.456038097714107 
0.492956678611224 
0.518361372886435 
0.531504355599106 
0.531504355417299 
0.518361372596627 
0.492956678409693 
0.456038097266203 
0.410014349657163 
0.355327477398571 
0.295530924370175 
0.228816380391711 
0.158552236057107 
0.074603236011624 
-0.003317721724460 
-0.080746836382602 
0.828067993725928 
0.859684995131828 
0.842214993870622 
0.802972022664008 
0.747569534547212 
0.681372796799729 
0.602553515362910 
0.512310304978893 
0.411228803160257 
0.301020134766013 
0.183622298030319 
0.061693732390937 
-0.061693732855889 
-0.183622297736819 
-0.301020134371652 
-0.411228803218397 
-0.512310304766649 
-0.602553514886938 
-0.681372796298386 
-0.747569533761589 
-0.802972021864697 
-0.842214992616062 
-0.859684993610941 
-0.828067993441807 
-0.080751093215635 
-0.003347721267612 
0.074619631906536 
0.158564310004813 
0.228935692789836 
0.295573613773118 
0.355436347574667 
0.410034041427976 
0.456068739806306 
0.492928469588044 
0.518335752438382 
0.531459847642928 
0.531459847551263 
0.518335752280341 
0.492928469378795 
0.456068739275016 
0.410034040847603 
0.355436347032707 
0.295573613115335 
0.228935692214521 
0.158564309296544 
0.074619631583282 
-0.003347721470120 
-0.080751093241825 
0.828047596095095 
0.859507365353520 
0.842118232407671 
0.803001167845250 
0.747683930087351 
0.681428505737233 
0.602616639626066 
0.512333236991740 
0.411235300391368 
0.301019665618947 
0.183613838520574 
0.061696158476085 
-0.061696158955210 
-0.183613838241260 
-0.301019665216748 
-0.411235300415123 
-0.512333236767436 
-0.602616639151843 
-0.681428505238204 
-0.747683929302097 
-0.803001167022750 
-0.842118231165770 
-0.859507363841030 
-0.828047595810004 
