-0.046690711933901 
-0.000713839761927 
0.043058363506757 
0.085981858915824 
0.130228095555128 
0.173788920997897 
0.214340027424708 
0.250325053070551 
0.280561029249324 
0.304099434473455 
0.320209788453078 
0.328392168679013 
0.328392168679068 
0.320209788453118 
0.304099434473473 
0.280561029249759 
0.250325053070463 
0.214340027424731 
0.173788920998083 
0.130228095555090 
0.085981858916311 
0.043058363505992 
-0.000713839761275 
-0.046690711933787 
2.448709002206812 
2.475857008163125 
2.446554649013817 
2.363649558677384 
2.229454041837589 
2.045467558737518 
1.815419273295627 
1.544501387762311 
1.238841029292525 
0.905327751499033 
0.551465339897549 
0.185209185104689 
-0.185209185104685 
-0.551465339897558 
-0.905327751499032 
-1.238841029292552 
-1.544501387762313 
-1.815419273295615 
-2.045467558737553 
-2.229454041837655 
-2.363649558677336 
-2.446554649014256 
-2.475857008164348 
-2.448709002206959 
-0.046360038850094 
0.000976818341241 
0.039292527786207 
0.073887537960146 
0.121153903898811 
0.172108910637218 
0.217758379639511 
0.255103084316743 
0.283599161120122 
0.303778304201474 
0.316533922795880 
0.322677773797164 
0.322677773795867 
0.316533922795493 
0.303778304201979 
0.283599161123918 
0.255103084322701 
0.217758379643613 
0.172108910640928 
0.121153903907918 
0.073887537976339 
0.039292527803796 
0.000976818340618 
-0.046360038850493 
2.449671198578648 
2.481101114509541 
2.448289386883167 
2.359116981496887 
2.226487780576568 
2.044898261271269 
1.815872980078286 
1.545059562749833 
1.239135371985096 
0.905350631901738 
0.551370980009606 
0.185156338882891 
-0.185156338882895 
-0.551370980009531 
-0.905350631901847 
-1.239135371985506 
-1.545059562750366 
-1.815872980079090 
-2.044898261272010 
-2.226487780579462 
-2.359116981505550 
-2.448289386889894 
-2.481101114507699 
-2.449671198578497 
-0.046006653127628 
0.001924540897435 
0.034132761920162 
0.065674029604964 
0.116808624678942 
0.169282596216684 
0.215650608956105 
0.253793564320325 
0.282518516308320 
0.302314134866938 
0.314488303466501 
0.320241852615755 
0.320241852614250 
0.314488303465243 
0.302314134870006 
0.282518516318973 
0.253793564328998 
0.215650608962960 
0.169282596233600 
0.116808624723345 
0.065674029653604 
0.034132761949657 
0.001924540909764 
-0.046006653126468 
2.450820982876702 
2.486506636701125 
2.449238202160438 
2.355843457784327 
2.225089407426394 
2.044268034347537 
1.815482502636175 
1.544869889540970 
1.239042905152181 
0.905286996903834 
0.551325532726306 
0.185139262133997 
-0.185139262133956 
-0.551325532726303 
-0.905286996904107 
-1.239042905153129 
-1.544869889541938 
-1.815482502637199 
-2.044268034352423 
-2.225089407440392 
-2.355843457805589 
-2.449238202184220 
-2.486506636716010 
-2.450820982878583 
-0.045609815868118 
0.001114975794795 
0.024488867128276 
0.058746462247534 
0.113664515086854 
0.163258005414147 
0.209744018048718 
0.249737202244563 
0.279719269062138 
0.300202818714970 
0.312829119350361 
0.318838000550964 
0.318838000545083 
0.312829119346548 
0.300202818720941 
0.279719269089715 
0.249737202282706 
0.209744018086505 
0.163258005408584 
0.113664515026942 
0.058746462221788 
0.024488867184297 
0.001114975819291 
-0.045609815865904 
2.452595467959794 
2.493653166321640 
2.449290041593478 
2.352831763107180 
2.224315236028608 
2.042990590099201 
1.814389319537975 
1.544312832770114 
1.238798994405589 
0.905182734014965 
0.551282544370090 
0.185127338699294 
-0.185127338699221 
-0.551282544369992 
-0.905182734015661 
-1.238798994408344 
-1.544312832774440 
-1.814389319544516 
-2.042990590095045 
-2.224315236007516 
-2.352831763104498 
-2.449290041638543 
-2.493653166357200 
-2.452595467965467 
-0.045640860164773 
-0.001289635235687 
0.019744050892166 
0.059180550768057 
0.112327091160794 
0.160564221161502 
0.208978115107638 
0.249041985423503 
0.278436072818334 
0.299081495020134 
0.312249292837604 
0.318626438365481 
0.318626438375834 
0.312249292836086 
0.299081495001721 
0.278436072813342 
0.249041985365998 
0.208978115066491 
0.160564221224118 
0.112327091242697 
0.059180550830820 
0.019744050960988 
-0.001289635097873 
-0.045640860150337 
2.453278058279555 
2.495595302929556 
2.448560849728547 
2.352848589558771 
2.224179938782500 
2.042354360774046 
1.814200890895598 
1.544208009304580 
1.238679185163008 
0.905117011092464 
0.551264573525462 
0.185125532871041 
-0.185125532870860 
-0.551264573526057 
-0.905117011091361 
-1.238679185161830 
-1.544208009298489 
-1.814200890888274 
-2.042354360790334 
-2.224179938807467 
-2.352848589598952 
-2.448560849817563 
-2.495595303029107 
-2.453278058289747 
-0.045530093442954 
0.000104916038861 
0.024100863094339 
0.065486023875701 
0.118333790813298 
0.164280228825567 
0.208752673193826 
0.243957804576808 
0.268500869690826 
0.285065731023647 
0.295337537848756 
0.300214309444956 
0.300214309455138 
0.295337537848160 
0.285065731008578 
0.268500869692781 
0.243957804527459 
0.208752673156927 
0.164280228887019 
0.118333790892567 
0.065486023937170 
0.024100863163178 
0.000104916175489 
-0.045530093428415 
2.453385517563764 
2.496529224346296 
2.450675206312681 
2.355341396408026 
2.226162991211321 
2.043364427088976 
1.814292233336862 
1.543698631663202 
1.237947624707305 
0.904444762840134 
0.550810627495213 
0.184966694486960 
-0.184966694486776 
-0.550810627495501 
-0.904444762838918 
-1.237947624706377 
-1.543698631657726 
-1.814292233329920 
-2.043364427104109 
-2.226162991234714 
-2.355341396446809 
-2.450675206403496 
-2.496529224450583 
-2.453385517575264 
-0.045502661884275 
0.000331008317551 
0.024671773850393 
0.066192427185256 
0.118670152592317 
0.164174298621915 
0.208172980820355 
0.242868122578499 
0.267023764362718 
0.283337878789768 
0.293447948033796 
0.298240319524463 
0.298240319534668 
0.293447948033104 
0.283337878775971 
0.267023764369469 
0.242868122536060 
0.208172980788591 
0.164174298682948 
0.118670152668302 
0.066192427245728 
0.024671773918273 
0.000331008454563 
-0.045502661869672 
2.453441011515569 
2.496837417105588 
2.451063687203271 
2.355644175564308 
2.226290978760231 
2.043355835164010 
1.814214594199322 
1.543593228871507 
1.237853454329542 
0.904377280906962 
0.550770955685877 
0.184953638899632 
-0.184953638899446 
-0.550770955686148 
-0.904377280905791 
-1.237853454328937 
-1.543593228866792 
-1.814214594193079 
-2.043355835178878 
-2.226290978782627 
-2.355644175602793 
-2.451063687294893 
-2.496837417212030 
-2.453441011527512 
-0.045486343794930 
0.000403737635730 
0.024759621703782 
0.066221142329856 
0.118383620317885 
0.163736779967050 
0.207720274766854 
0.242432669722848 
0.266706869700513 
0.283180257651003 
0.293409596335439 
0.298259940631624 
0.298259940641694 
0.293409596334710 
0.283180257638323 
0.266706869711045 
0.242432669686760 
0.207720274740081 
0.163736780027891 
0.118383620391295 
0.066221142389564 
0.024759621769997 
0.000403737771582 
-0.045486343780425 
2.453486627225640 
2.497044002411121 
2.451206264083122 
2.355671967355581 
2.226216659660264 
2.043259043870493 
1.814143304886059 
1.543545538250820 
1.237829510949987 
0.904369092522401 
0.550769287815359 
0.184953540708180 
-0.184953540707990 
-0.550769287815634 
-0.904369092521293 
-1.237829510949679 
-1.543545538246806 
-1.814143304880552 
-2.043259043885209 
-2.226216659681955 
-2.355671967393846 
-2.451206264175030 
-2.497044002519027 
-2.453486627238008 
-0.045461815871732 
0.000584795732620 
0.025177162241409 
0.066719769549466 
0.118563687409860 
0.163582670986611 
0.207219957450893 
0.241551352642528 
0.265548877424207 
0.281851026495138 
0.291968423875562 
0.296758764135306 
0.296758764145715 
0.291968423874901 
0.281851026483101 
0.265548877438716 
0.241551352611628 
0.207219957428095 
0.163582671047189 
0.118563687479116 
0.066719769608211 
0.025177162307749 
0.000584795872771 
-0.045461815856792 
2.453541115945833 
2.497330520460873 
2.451521846745177 
2.355888126454424 
2.226291151002274 
2.043235788594096 
1.814075354537628 
1.543459769044134 
1.237754715313713 
0.904316093632842 
0.550738230613680 
0.184943323374441 
-0.184943323374246 
-0.550738230613970 
-0.904316093631756 
-1.237754715313655 
-1.543459769040778 
-1.814075354532554 
-2.043235788608529 
-2.226291151022918 
-2.355888126492652 
-2.451521846839271 
-2.497330520572785 
-2.453541115958700 
-0.045309507336079 
0.001135916832773 
0.025424603516901 
0.066237055015584 
0.115388455919364 
0.159411423567441 
0.203255574423847 
0.238018156105559 
0.263327660719073 
0.281231283687230 
0.292511831339473 
0.297863835514114 
0.297863835516731 
0.292511831340263 
0.281231283686609 
0.263327660755317 
0.238018156128408 
0.203255574445579 
0.159411423628100 
0.115388455998391 
0.066237055081284 
0.025424603540744 
0.001135916888548 
-0.045309507329488 
2.453998627514483 
2.499337642505538 
2.452669985198998 
2.355846455174379 
2.225433161806390 
2.042306439846337 
1.813448450376789 
1.543069067179840 
1.237579866493128 
0.904274275617635 
0.550742570526480 
0.184948851005285 
-0.184948851005135 
-0.550742570526576 
-0.904274275617296 
-1.237579866495294 
-1.543069067181202 
-1.813448450379890 
-2.042306439861160 
-2.225433161828934 
-2.355846455211223 
-2.452669985263217 
-2.499337642588285 
-2.453998627528209 
-0.045171367332631 
0.000727446699503 
0.022891141278631 
0.064107189054424 
0.112479973448400 
0.157105163923052 
0.201547141808571 
0.236210704793632 
0.262049399150490 
0.280567463410728 
0.292081476511847 
0.297465716769455 
0.297465716769462 
0.292081476518213 
0.280567463413734 
0.262049399189262 
0.236210704833418 
0.201547141845964 
0.157105163969188 
0.112479973502906 
0.064107189118468 
0.022891141307434 
0.000727446731487 
-0.045171367328087 
2.454648987140426 
2.501718816515226 
2.452938638056659 
2.355088446587609 
2.224595460331617 
2.041753491568048 
1.813181914238825 
1.542873314792580 
1.237480019515749 
0.904240911888669 
0.550731525646147 
0.184945736905186 
-0.184945736905106 
-0.550731525646238 
-0.904240911888557 
-1.237480019518370 
-1.542873314795393 
-1.813181914244873 
-2.041753491579068 
-2.224595460346454 
-2.355088446624707 
-2.452938638130973 
-2.501718816610910 
-2.454648987159490 
-0.045133875327120 
-0.000545566590438 
0.019791513886414 
0.063203475776072 
0.111134750887718 
0.155962191821058 
0.200663208967337 
0.235225135965152 
0.261442719535479 
0.280167774382638 
0.291630445467851 
0.296985988383378 
0.296985988383418 
0.291630445474834 
0.280167774378856 
0.261442719568252 
0.235225135996066 
0.200663208997834 
0.155962191867616 
0.111134750930138 
0.063203475842833 
0.019791513938151 
-0.000545566529520 
-0.045133875321284 
2.455166105427044 
2.503237021438890 
2.452579427187156 
2.354729318775997 
2.224226175628452 
2.041470361022550 
1.813050377911773 
1.542765814901074 
1.237431193303804 
0.904221306076021 
0.550719103920457 
0.184941191091409 
-0.184941191091293 
-0.550719103920675 
-0.904221306075478 
-1.237431193305812 
-1.542765814903278 
-1.813050377916357 
-2.041470361033500 
-2.224226175641493 
-2.354729318815446 
-2.452579427276035 
-2.503237021547583 
-2.455166105446365 
-0.045133007144072 
-0.000611882231816 
0.019684208336738 
0.063240219473505 
0.111152353939747 
0.156019425131167 
0.200705377604039 
0.235194639510598 
0.261343799311727 
0.279990538945184 
0.291391321790449 
0.296721253945343 
0.296721253945563 
0.291391321797661 
0.279990538941156 
0.261343799344243 
0.235194639540593 
0.200705377633848 
0.156019425178243 
0.111152353982402 
0.063240219540345 
0.019684208388057 
-0.000611882169063 
-0.045133007138067 
2.455186722059238 
2.503288802569223 
2.452566770625503 
2.354742723965425 
2.224232152794600 
2.041481235543525 
1.813058951034368 
1.542763973378187 
1.237425108573695 
0.904214135815368 
0.550713616496669 
0.184939224310689 
-0.184939224310572 
-0.550713616496909 
-0.904214135814799 
-1.237425108575677 
-1.542763973380329 
-1.813058951038786 
-2.041481235554614 
-2.224232152807783 
-2.354742724004975 
-2.452566770715156 
-2.503288802679802 
-2.455186722078826 
