-0.048374732246305 
-0.002718719884779 
0.034854524342463 
0.071337294273287 
0.117775748660745 
0.170675046054430 
0.224001998268809 
0.273826270527886 
0.317262340181232 
0.351991041281966 
0.376198952754859 
0.388626539582844 
0.388626539582595 
0.376198952754540 
0.351991041282725 
0.317262340182037 
0.273826270527100 
0.224001998268185 
0.170675046053989 
0.117775748660579 
0.071337294273958 
0.034854524342544 
-0.002718719884389 
-0.048374732246244 
2.288955266195509 
2.312401117662758 
2.279967964580166 
2.200736568125496 
2.078247410619114 
1.909710842639779 
1.697160661171489 
1.445392987453462 
1.160273554034381 
0.848407396438159 
0.516991621456973 
0.173664277583644 
-0.173664277583633 
-0.516991621456969 
-0.848407396438215 
-1.160273554034424 
-1.445392987453368 
-1.697160661171393 
-1.909710842639692 
-2.078247410619142 
-2.200736568125731 
-2.279967964580751 
-2.312401117663611 
-2.288955266195628 
-0.048390276156811 
-0.004111235498940 
0.027864928215369 
0.060920685781836 
0.108963172583480 
0.165136807874633 
0.223189609569350 
0.278723014589366 
0.327829369140153 
0.367376678170704 
0.395040426984881 
0.409264733554128 
0.409264733549766 
0.395040426984693 
0.367376678174358 
0.327829369140006 
0.278723014593828 
0.223189609571505 
0.165136807871525 
0.108963172592225 
0.060920685797671 
0.027864928222905 
-0.004111235528674 
-0.048390276159779 
2.289068343747230 
2.312127095605476 
2.276644283819287 
2.196236132479394 
2.075067826078466 
1.907984322854526 
1.696861722648529 
1.446230244530968 
1.161723016348382 
0.849913406796424 
0.518094495597087 
0.174066162777679 
-0.174066162777794 
-0.518094495596598 
-0.849913406797153 
-1.161723016348419 
-1.446230244531220 
-1.696861722649730 
-1.907984322853382 
-2.075067826081807 
-2.196236132486065 
-2.276644283801286 
-2.312127095579914 
-2.289068343745795 
-0.048375350860106 
-0.004324020509576 
0.026645858318737 
0.059782547693381 
0.108805691688905 
0.165596704177676 
0.224024254541071 
0.279686395808372 
0.328646741420104 
0.367872158538961 
0.395196156371069 
0.409208009426985 
0.409208009421626 
0.395196156370749 
0.367872158543310 
0.328646741420724 
0.279686395814468 
0.224024254544298 
0.165596704174846 
0.108805691697654 
0.059782547709703 
0.026645858329757 
-0.004324020540582 
-0.048375350863089 
2.289127180964740 
2.312242765910521 
2.276163311252914 
2.195716793768800 
2.074986734008551 
1.908108278963074 
1.697061009296322 
1.446422200577437 
1.161854808556452 
0.849977225195868 
0.518113477815089 
0.174068474916649 
-0.174068474916770 
-0.518113477814513 
-0.849977225196765 
-1.161854808556612 
-1.446422200577915 
-1.697061009297901 
-1.908108278961930 
-2.074986734011871 
-2.195716793775527 
-2.276163311235398 
-2.312242765884962 
-2.289127180963611 
-0.047829570350673 
0.002089799567591 
0.046241418350378 
0.091322008579042 
0.145064549258143 
0.195939523488964 
0.237552758246881 
0.268047778864158 
0.287847136332787 
0.299088257689286 
0.304543326739641 
0.306596886028398 
0.306596886020806 
0.304543326738076 
0.299088257694827 
0.287847136338804 
0.268047778878698 
0.237552758253891 
0.195939523487676 
0.145064549267706 
0.091322008599959 
0.046241418381326 
0.002089799550607 
-0.047829570350860 
2.289844519334921 
2.318036332207130 
2.287652525429519 
2.209064628931324 
2.088091544612477 
1.917658378616859 
1.700989307284341 
1.444835562492036 
1.156487221568701 
0.843405245634086 
0.512917113170547 
0.172111164049780 
-0.172111164049642 
-0.512917113170190 
-0.843405245635688 
-1.156487221570000 
-1.444835562493899 
-1.700989307287063 
-1.917658378615302 
-2.088091544614889 
-2.209064628943227 
-2.287652525434801 
-2.318036332202400 
-2.289844519337221 
-0.047830273750585 
0.001447503261625 
0.041636016664159 
0.081013913288261 
0.132072055539516 
0.184901399574758 
0.233059475723157 
0.272771968983859 
0.302272297358236 
0.322064633754831 
0.333801199555384 
0.339164834111220 
0.339164834104129 
0.333801199554755 
0.322064633760373 
0.302272297363715 
0.272771968997180 
0.233059475731532 
0.184901399578059 
0.132072055550661 
0.081013913307475 
0.041636016694562 
0.001447503243703 
-0.047830273751050 
2.289978531604763 
2.318359057116726 
2.285680626226487 
2.204455919031745 
2.083453758127840 
1.914578312187641 
1.699873091973454 
1.445172025118658 
1.157515322263091 
0.844508156671048 
0.513707708929878 
0.172393959382336 
-0.172393959382339 
-0.513707708929322 
-0.844508156672379 
-1.157515322264131 
-1.445172025120280 
-1.699873091976497 
-1.914578312187450 
-2.083453758131225 
-2.204455919043211 
-2.285680626231120 
-2.318359057110909 
-2.289978531606848 
-0.047672605666925 
0.002525465211935 
0.042105039314354 
0.079301826332676 
0.128976524571485 
0.180735800987080 
0.228749422238061 
0.269295785673778 
0.300232556604816 
0.321650103001404 
0.334777362033369 
0.340938853100029 
0.340938853093138 
0.334777362032627 
0.321650103006452 
0.300232556613029 
0.269295785687334 
0.228749422247552 
0.180735800992071 
0.128976524573403 
0.079301826342761 
0.042105039339039 
0.002525465201024 
-0.047672605666421 
2.290410589245885 
2.320832017297569 
2.287460102641015 
2.203917283846240 
2.082415445111389 
1.913500194146587 
1.699037857816039 
1.444687779871802 
1.157317331791416 
0.844475181075628 
0.513731971021998 
0.172409200515142 
-0.172409200515131 
-0.513731971021496 
-0.844475181076908 
-1.157317331792690 
-1.444687779873561 
-1.699037857819137 
-1.913500194146731 
-2.082415445111257 
-2.203917283854034 
-2.287460102650131 
-2.320832017300889 
-2.290410589248836 
-0.046921358700616 
0.006427686259657 
0.039786520767269 
0.069384103563965 
0.118009360913587 
0.167354821257689 
0.214978872297720 
0.257482860765534 
0.291674683539359 
0.316861496942184 
0.333302619600810 
0.341393822723638 
0.341393822715100 
0.333302619601947 
0.316861496941525 
0.291674683546149 
0.257482860772955 
0.214978872293446 
0.167354821274575 
0.118009360933826 
0.069384103588158 
0.039786520818674 
0.006427686251028 
-0.046921358700281 
2.292695288261100 
2.332752409765698 
2.293596384362826 
2.200200400205111 
2.078737831992226 
1.910128851276878 
1.696378872081109 
1.442952590130691 
1.156344060259913 
0.844016422601394 
0.513558749467275 
0.172368862385273 
-0.172368862385409 
-0.513558749466487 
-0.844016422602656 
-1.156344060261423 
-1.442952590130472 
-1.696378872082804 
-1.910128851280005 
-2.078737831998873 
-2.200200400222421 
-2.293596384390977 
-2.332752409778553 
-2.292695288266075 
-0.046671994946868 
0.004771979718603 
0.030217926008472 
0.063780270295733 
0.116373651493647 
0.163891052300060 
0.211608341694147 
0.254823523174972 
0.289332627057612 
0.314665528671006 
0.331164400702948 
0.339257337117960 
0.339257337104271 
0.331164400706520 
0.314665528677887 
0.289332627076633 
0.254823523202440 
0.211608341716464 
0.163891052366329 
0.116373651576536 
0.063780270351700 
0.030217926050555 
0.004771979690070 
-0.046671994948375 
2.294250480804912 
2.338797845479034 
2.293410668410686 
2.197766588472821 
2.078125993296624 
1.909261715845916 
1.695728482573994 
1.442562959814934 
1.156043651409321 
0.843763129706632 
0.513378526821209 
0.172302437452126 
-0.172302437452167 
-0.513378526820613 
-0.843763129708365 
-1.156043651412451 
-1.442562959817269 
-1.695728482581562 
-1.909261715862733 
-2.078125993322988 
-2.197766588496308 
-2.293410668428492 
-2.338797845488054 
-2.294250480810776 
