-0.056220732069701 
0.000074250495645 
0.055761827887849 
0.109004029611816 
0.160340171475761 
0.209635213736517 
0.255281094188979 
0.295647043615908 
0.329438697299297 
0.355654254033804 
0.373547747505186 
0.382619956180044 
0.382619956180107 
0.373547747505558 
0.355654254033843 
0.329438697300150 
0.295647043616466 
0.255281094189335 
0.209635213736712 
0.160340171476514 
0.109004029612660 
0.055761827888507 
0.000074250495731 
-0.056220732069703 
1.686434826007737 
1.705768876256497 
1.686304723805698 
1.628341610280488 
1.534949480210358 
1.408055003681437 
1.249769517543484 
1.063379051359634 
0.853019722201397 
0.623423633658533 
0.379767960960051 
0.127548074108857 
-0.127548074108867 
-0.379767960960055 
-0.623423633658554 
-0.853019722201512 
-1.063379051359716 
-1.249769517543573 
-1.408055003681516 
-1.534949480210761 
-1.628341610281186 
-1.686304723806324 
-1.705768876256560 
-1.686434826007736 
-0.055928161946859 
0.003595859529277 
0.062002409780799 
0.105853707635853 
0.146460722469092 
0.193043300429691 
0.241168256705494 
0.285859368029424 
0.324039215674666 
0.353853661874419 
0.374214267360465 
0.384525442396962 
0.384525442396675 
0.374214267356952 
0.353853661871552 
0.324039215683399 
0.285859368035998 
0.241168256709794 
0.193043300436407 
0.146460722475456 
0.105853707645166 
0.062002409788652 
0.003595859530558 
-0.055928161946823 
1.687489267296210 
1.714488305676687 
1.698505921082082 
1.629179471929498 
1.528989913060107 
1.402367445449334 
1.246050447795560 
1.061386030541448 
0.852158590076179 
0.623167558942159 
0.379751135194514 
0.127564382616010 
-0.127564382616011 
-0.379751135194176 
-0.623167558942129 
-0.852158590077531 
-1.061386030542419 
-1.246050447796877 
-1.402367445451548 
-1.528989913063472 
-1.629179471937523 
-1.698505921090067 
-1.714488305678582 
-1.687489267296338 
-0.055087379664595 
0.011731054754387 
0.065054281178242 
0.080736879040572 
0.118243242176949 
0.172634971442019 
0.223107034619584 
0.269397764234489 
0.311508357854079 
0.346499399019432 
0.371372750765426 
0.384234674084849 
0.384234674078227 
0.371372750771104 
0.346499399028472 
0.311508357891350 
0.269397764261539 
0.223107034627288 
0.172634971460811 
0.118243242205353 
0.080736879089513 
0.065054281243552 
0.011731054763003 
-0.055087379664947 
1.690760926878100 
1.738804155379748 
1.721080491235259 
1.619542272022938 
1.516591667825880 
1.395383992647771 
1.241102018692726 
1.057609642898651 
0.849706975329203 
0.621879758172523 
0.379216983242205 
0.127430488572946 
-0.127430488573090 
-0.379216983241591 
-0.621879758175484 
-0.849706975335395 
-1.057609642902741 
-1.241102018695848 
-1.395383992653823 
-1.516591667839494 
-1.619542272066031 
-1.721080491287332 
-1.738804155385108 
-1.690760926877630 
-0.054932393798741 
0.008529654242844 
0.049268037261220 
0.074719006962860 
0.124646084181952 
0.173306697988757 
0.218191843236584 
0.265472325986480 
0.310097401057447 
0.345842957156462 
0.370240840856219 
0.382576551176348 
0.382576551163775 
0.370240840863986 
0.345842957155307 
0.310097401102898 
0.265472326022103 
0.218191843300986 
0.173306698092419 
0.124646084172437 
0.074719006821575 
0.049268037145568 
0.008529654221762 
-0.054932393798664 
1.692253762188406 
1.745290060783671 
1.719760209963849 
1.616075827520275 
1.518223795117188 
1.395961613547866 
1.239945221743498 
1.056623909065701 
0.849193426370347 
0.621472194430627 
0.378867218475719 
0.127287379345537 
-0.127287379345532 
-0.378867218475699 
-0.621472194432819 
-0.849193426378169 
-1.056623909072250 
-1.239945221765376 
-1.395961613583765 
-1.518223795115321 
-1.616075827493297 
-1.719760209959620 
-1.745290060790149 
-1.692253762189146 
-0.054512105019806 
0.005419128402587 
0.029123536115730 
0.065637300200204 
0.128172424619246 
0.169440868097191 
0.211650672794708 
0.262138824266482 
0.308016449968999 
0.342471767266317 
0.365572548054826 
0.377401545250564 
0.377401545242993 
0.365572548080792 
0.342471767256121 
0.308016450024810 
0.262138824255521 
0.211650672788278 
0.169440868156078 
0.128172424581806 
0.065637300044933 
0.029123535960424 
0.005419128382551 
-0.054512105018027 
1.695136924815538 
1.758576917848445 
1.720441912204421 
1.609915235297438 
1.518139652035507 
1.394966158137059 
1.238249630685585 
1.055570715330352 
0.848172467050799 
0.620238999404677 
0.377864309121020 
0.126910800473643 
-0.126910800474213 
-0.377864309122904 
-0.620238999407251 
-0.848172467060703 
-1.055570715324958 
-1.238249630689303 
-1.394966158163372 
-1.518139652031365 
-1.609915235282824 
-1.720441912210198 
-1.758576917865539 
-1.695136924816765 
-0.054409919446023 
0.005169426842400 
0.026259965194566 
0.063229447508124 
0.125670087204814 
0.166062521735438 
0.209456948931536 
0.260834253729244 
0.306685014056561 
0.341262989239876 
0.364886470976991 
0.377149407650757 
0.377149407641759 
0.364886471002077 
0.341262989223937 
0.306685014111628 
0.260834253711432 
0.209456948907483 
0.166062521776627 
0.125670087169202 
0.063229447378695 
0.026259965053435 
0.005169426822266 
-0.054409919444506 
1.695852195340584 
1.762344945060231 
1.722243185793451 
1.608750996997104 
1.516898846227516 
1.393831611594815 
1.237645021944765 
1.055258618060433 
0.847860845072576 
0.619961860719014 
0.377701552359686 
0.126860983983206 
-0.126860983983764 
-0.377701552361394 
-0.619961860721216 
-0.847860845082463 
-1.055258618053163 
-1.237645021943626 
-1.393831611615773 
-1.516898846226035 
-1.608750996998220 
-1.722243185808470 
-1.762344945075215 
-1.695852195340964 
-0.054355032864599 
0.004244289297802 
0.023724109276910 
0.063408294812662 
0.122899883981508 
0.161492138620842 
0.208123479061759 
0.260810834004657 
0.305551863827838 
0.339569596881617 
0.363734383175240 
0.376598658034944 
0.376598658025534 
0.363734383197673 
0.339569596852964 
0.305551863877026 
0.260810833971508 
0.208123478995637 
0.161492138608472 
0.122899883946356 
0.063408294761061 
0.023724109192146 
0.004244289284257 
-0.054355032863435 
1.696571419354854 
1.765556159053757 
1.723567445995885 
1.608644449876760 
1.515635257648172 
1.392236487310088 
1.237243988490826 
1.055253833320586 
0.847584273068724 
0.619598360022229 
0.377478340700960 
0.126793984896324 
-0.126793984896903 
-0.377478340702323 
-0.619598360023183 
-0.847584273077870 
-1.055253833309331 
-1.237243988477363 
-1.392236487313684 
-1.515635257650514 
-1.608644449916208 
-1.723567446035484 
-1.765556159065261 
-1.696571419353499 
-0.054416966190116 
0.001957712845840 
0.019840595009798 
0.064821537015669 
0.121270525186866 
0.158574858050466 
0.208328460472540 
0.260841742571269 
0.304007133929682 
0.338115238413856 
0.363163312092496 
0.376493977495078 
0.376493977481736 
0.363163312101150 
0.338115238362514 
0.304007133967103 
0.260841742537617 
0.208328460413541 
0.158574858045607 
0.121270525172308 
0.064821537016304 
0.019840594971796 
0.001957712862028 
-0.054416966186101 
1.697179043524186 
1.767564586231155 
1.723603614853828 
1.609097900565140 
1.514909018353739 
1.391178286677540 
1.237307587614485 
1.055307217755783 
0.847256905037703 
0.619290088281894 
0.377330246750730 
0.126753530323983 
-0.126753530324169 
-0.377330246750977 
-0.619290088280159 
-0.847256905045248 
-1.055307217745129 
-1.237307587603594 
-1.391178286682938 
-1.514909018365089 
-1.609097900634419 
-1.723603614921627 
-1.767564586253520 
-1.697179043522546 
-0.054436551776819 
0.001264656258582 
0.018903250104294 
0.065326466323438 
0.120626327592715 
0.158096719048473 
0.208584753792617 
0.260607282185877 
0.303605534894193 
0.338056199792651 
0.363136537337582 
0.376241727651693 
0.376241727642106 
0.363136537355858 
0.338056199746298 
0.303605534940732 
0.260607282159426 
0.208584753744874 
0.158096719045561 
0.120626327561841 
0.065326466319070 
0.018903250071720 
0.001264656280078 
-0.054436551774266 
1.697332756256013 
1.767988540921211 
1.723572065811052 
1.609288519251162 
1.514626017854946 
1.390985263391603 
1.237399425912682 
1.055266377687023 
0.847158788872904 
0.619247988851612 
0.377309431963125 
0.126742450536805 
-0.126742450536946 
-0.377309431964762 
-0.619247988850111 
-0.847158788881864 
-1.055266377679169 
-1.237399425904486 
-1.390985263395258 
-1.514626017861742 
-1.609288519321701 
-1.723572065874226 
-1.767988540934988 
-1.697332756251828 
-0.054436592052201 
0.001012719758390 
0.018563586471510 
0.065530907182414 
0.120361567744691 
0.157997450794997 
0.208681622196401 
0.260461022469240 
0.303457131110879 
0.338024621956643 
0.363112533746553 
0.376196086928214 
0.376196086910312 
0.363112533763673 
0.338024621910510 
0.303457131151763 
0.260461022446731 
0.208681622141260 
0.157997450795900 
0.120361567756157 
0.065530907197315 
0.018563586424861 
0.001012719753012 
-0.054436592048855 
1.697392635002849 
1.768140698185003 
1.723550254495676 
1.609366831434738 
1.514506725247112 
1.390939609142922 
1.237438394081202 
1.055235141393375 
0.847119655802567 
0.619230332943075 
0.377298597931999 
0.126737972921332 
-0.126737972921786 
-0.377298597932267 
-0.619230332942484 
-0.847119655811220 
-1.055235141384289 
-1.237438394072119 
-1.390939609153302 
-1.514506725268850 
-1.609366831504572 
-1.723550254562245 
-1.768140698208353 
-1.697392635003436 
-0.054367805994516 
0.001943807337986 
0.021527309565866 
0.069421544086134 
0.123725405319182 
0.160296154069065 
0.209420774125146 
0.259067358601409 
0.299499436436054 
0.331653956260218 
0.354916706825844 
0.367003446169682 
0.367003446151819 
0.354916706843054 
0.331653956213646 
0.299499436479926 
0.259067358581515 
0.209420774071682 
0.160296154072129 
0.123725405331306 
0.069421544101130 
0.021527309518925 
0.001943807332182 
-0.054367805991287 
1.697468193579171 
1.768808652472659 
1.725099399324904 
1.611166349158732 
1.515914424314681 
1.391754445694054 
1.237696524664935 
1.054973666206545 
0.846478297752105 
0.618475859545375 
0.376706730287716 
0.126514859317481 
-0.126514859317815 
-0.376706730287826 
-0.618475859544856 
-0.846478297761441 
-1.054973666197891 
-1.237696524656111 
-1.391754445704648 
-1.515914424336368 
-1.611166349229071 
-1.725099399391365 
-1.768808652495069 
-1.697468193579532 
-0.054365838104752 
0.001927208043669 
0.021593284864680 
0.069612814245087 
0.123723139282929 
0.160290643387063 
0.209436574735789 
0.258942850142890 
0.299279156822590 
0.331419877824726 
0.354661481432055 
0.366716154399025 
0.366716154381176 
0.354661481449198 
0.331419877777958 
0.299279156867055 
0.258942850124222 
0.209436574684774 
0.160290643390783 
0.123723139291715 
0.069612814258592 
0.021593284819826 
0.001927208039980 
-0.054365838101552 
1.697487029550615 
1.768878357815973 
1.725170395647545 
1.611258198232678 
1.515919139816382 
1.391749995409865 
1.237703286870524 
1.054949879404520 
0.846442071925149 
0.618448337133872 
0.376689419114040 
0.126508550033874 
-0.126508550034171 
-0.376689419114209 
-0.618448337133298 
-0.846442071934564 
-1.054949879396291 
-1.237703286862279 
-1.391749995420335 
-1.515919139837020 
-1.611258198302846 
-1.725170395714475 
-1.768878357838227 
-1.697487029550737 
-0.054365807734882 
0.001870249612390 
0.021566499087093 
0.069716308563007 
0.123598359103471 
0.160204743383138 
0.209436990646260 
0.258841076201100 
0.299149000863195 
0.331359118835831 
0.354637357567971 
0.366685222336564 
0.366685222319104 
0.354637357585122 
0.331359118788961 
0.299149000908204 
0.258841076184075 
0.209436990598466 
0.160204743388399 
0.123598359110065 
0.069716308574932 
0.021566499043567 
0.001870249611323 
-0.054365807731411 
1.697508555256624 
1.768942217174262 
1.725201442514341 
1.611309731140327 
1.515874895211059 
1.391716970393409 
1.237704855665375 
1.054929923902623 
0.846418814619155 
0.618439483959733 
0.376687568419114 
0.126508059186401 
-0.126508059186695 
-0.376687568419318 
-0.618439483959112 
-0.846418814628695 
-1.054929923894832 
-1.237704855658024 
-1.391716970404160 
-1.515874895230752 
-1.611309731210196 
-1.725201442582425 
-1.768942217197698 
-1.697508555256781 
-0.054367250638594 
0.001229102745093 
0.021162326176260 
0.070677399190177 
0.122176940143500 
0.159243472983693 
0.209432794361803 
0.257819475081731 
0.297913190158839 
0.330922961325355 
0.354626121862743 
0.366621647089461 
0.366621647039138 
0.354626121889194 
0.330922961302573 
0.297913190174219 
0.257819475112722 
0.209432794355487 
0.159243473033564 
0.122176940301715 
0.070677399227800 
0.021162326014364 
0.001229102601319 
-0.054367250631282 
1.697736540973318 
1.769601985743808 
1.725471043589429 
1.611792318216879 
1.515364810867763 
1.391349142827637 
1.237718002743847 
1.054728925394020 
0.846194333174815 
0.618368983222590 
0.376684611104945 
0.126508851548476 
-0.126508851550338 
-0.376684611100850 
-0.618368983227735 
-0.846194333183178 
-1.054728925387641 
-1.237718002757249 
-1.391349142873735 
-1.515364810920845 
-1.611792318260969 
-1.725471043642226 
-1.769601985787337 
-1.697736540992060 
-0.054368908906452 
0.000448243911734 
0.020515781207236 
0.071597460349826 
0.120502377368628 
0.158168273062794 
0.209443588316912 
0.256733728481577 
0.296681118141768 
0.330613761059016 
0.354768333699296 
0.366691725518441 
0.366691725478876 
0.354768333728388 
0.330613761035497 
0.296681118173178 
0.256733728530867 
0.209443588344496 
0.158168273108571 
0.120502377446737 
0.071597460360491 
0.020515781108751 
0.000448243836850 
-0.054368908895620 
1.698002136335974 
1.770352589446361 
1.725697836585981 
1.612260816596887 
1.514759975987164 
1.390936532767779 
1.237737009581326 
1.054514367274451 
0.845966962211070 
0.618312548758704 
0.376693490919008 
0.126513279211659 
-0.126513279213314 
-0.376693490916396 
-0.618312548762838 
-0.845966962221921 
-1.054514367274606 
-1.237737009602313 
-1.390936532805955 
-1.514759976012182 
-1.612260816640572 
-1.725697836667746 
-1.770352589505045 
-1.698002136351873 
-0.054368857222946 
0.000371038534475 
0.020337623709423 
0.071503104987371 
0.120372878131112 
0.158126846143097 
0.209454101283618 
0.256741154658296 
0.296760465088565 
0.330750954636211 
0.354904597836686 
0.366816236710191 
0.366816236672227 
0.354904597866717 
0.330750954612672 
0.296760465121857 
0.256741154706210 
0.209454101309658 
0.158126846186023 
0.120372878201726 
0.071503104997666 
0.020337623614892 
0.000371038462305 
-0.054368857212839 
1.698019780469446 
1.770389024961307 
1.725646305639158 
1.612218450028416 
1.514708924070050 
1.390919715960134 
1.237740554048947 
1.054515110367169 
0.845978314632368 
0.618328785374023 
0.376703839157480 
0.126516446860222 
-0.126516446861834 
-0.376703839155177 
-0.618328785377955 
-0.845978314643455 
-1.054515110367347 
-1.237740554068942 
-1.390919715996859 
-1.514708924093129 
-1.612218450072699 
-1.725646305718964 
-1.770389025015010 
-1.698019780483847 
-0.054363344553869 
0.000152958507832 
0.019892836839058 
0.071439682686644 
0.120134730708727 
0.158132062190325 
0.209536790891768 
0.256653463808226 
0.296752767436835 
0.330784458089343 
0.354803420807070 
0.366600437976415 
0.366600437939205 
0.354803420841523 
0.330784458069658 
0.296752767471662 
0.256653463855387 
0.209536790912866 
0.158132062223511 
0.120134730769575 
0.071439682701433 
0.019892836767528 
0.000152958447744 
-0.054363344542016 
1.698091303751766 
1.770576896383005 
1.725574039768609 
1.612193158994836 
1.514616895913567 
1.390912190212385 
1.237769610688118 
1.054497113650244 
0.845973475475662 
0.618334690574433 
0.376700378285048 
0.126512705445024 
-0.126512705446823 
-0.376700378282887 
-0.618334690578966 
-0.845973475486989 
-1.054497113649835 
-1.237769610707051 
-1.390912190246014 
-1.514616895932286 
-1.612193159041587 
-1.725574039862999 
-1.770576896446057 
-1.698091303767360 
-0.054359292794614 
0.000147951556401 
0.019921295269284 
0.071574724298487 
0.120208861405937 
0.158208406767307 
0.209568721941953 
0.256573152037200 
0.296595085941160 
0.330548721086603 
0.354478621881170 
0.366221085419728 
0.366221085382501 
0.354478621916209 
0.330548721067131 
0.296595085976149 
0.256573152083991 
0.209568721962564 
0.158208406799558 
0.120208861465015 
0.071574724313757 
0.019921295200291 
0.000147951497548 
-0.054359292782767 
1.698108366712872 
1.770641338042617 
1.725622956879109 
1.612256317016984 
1.514647654709363 
1.390936952254870 
1.237781559227249 
1.054481940770162 
0.845948146620898 
0.618308115737582 
0.376678665530825 
0.126504276313667 
-0.126504276315467 
-0.376678665528731 
-0.618308115742137 
-0.845948146632238 
-1.054481940769710 
-1.237781559245976 
-1.390936952288125 
-1.514647654727519 
-1.612256317064137 
-1.725622956974229 
-1.770641338105300 
-1.698108366728262 
