-0.074738977998998 
0.000948611857150 
0.078901003812371 
0.154632527720483 
0.222176067490884 
0.281150160540178 
0.333986675312981 
0.381645107944038 
0.423127180281098 
0.456547066919445 
0.480020464584373 
0.492130096066021 
0.492130096062817 
0.480020464576114 
0.456547066922214 
0.423127180284586 
0.381645107952827 
0.333986675316421 
0.281150160540478 
0.222176067494788 
0.154632527722329 
0.078901003813985 
0.000948611857428 
-0.074738977998999 
0.953742722054633 
0.968299367234133 
0.964648738618421 
0.933533958467653 
0.874824481916496 
0.796280417676814 
0.702994275358935 
0.596756368982013 
0.478570137918171 
0.349995367919426 
0.213383200105760 
0.071704078638844 
-0.071704078638577 
-0.213383200104561 
-0.349995367920700 
-0.478570137919300 
-0.596756368985411 
-0.702994275360972 
-0.796280417676654 
-0.874824481921593 
-0.933533958470531 
-0.964648738622810 
-0.968299367234729 
-0.953742722054681 
-0.074740155444659 
0.000902784917288 
0.078394114747381 
0.152641742586881 
0.218778244235153 
0.278253817244013 
0.333060648829309 
0.382863940174396 
0.426123009922532 
0.460900216412323 
0.485317562710994 
0.497919761900656 
0.497919761902279 
0.485317562705157 
0.460900216416112 
0.426123009923537 
0.382863940178680 
0.333060648831233 
0.278253817244074 
0.218778244237900 
0.152641742588338 
0.078394114748512 
0.000902784917538 
-0.074740155444661 
0.953763214401664 
0.968346143571811 
0.963897535196848 
0.930934452056951 
0.871532031121554 
0.794151940746481 
0.702399076738232 
0.597160341477290 
0.479409986092516 
0.350871397761536 
0.214022458301842 
0.071936843844958 
-0.071936843845114 
-0.214022458301037 
-0.350871397762532 
-0.479409986092812 
-0.597160341478905 
-0.702399076739534 
-0.794151940746209 
-0.871532031125507 
-0.930934452059009 
-0.963897535200256 
-0.968346143572356 
-0.953763214401689 
-0.074721167001174 
0.001255454807561 
0.079561826888194 
0.152995316078534 
0.216381004037994 
0.274214877742052 
0.329207359134797 
0.380179415869016 
0.425040812677060 
0.461470928083512 
0.487230926281109 
0.500581476124452 
0.500581476128788 
0.487230926277313 
0.461470928087513 
0.425040812676719 
0.380179415875664 
0.329207359135573 
0.274214877741371 
0.216381004040250 
0.152995316079766 
0.079561826888777 
0.001255454808040 
-0.074721167001175 
0.953951181518965 
0.970292950289582 
0.968041792817965 
0.932882826895263 
0.869864430249506 
0.791422493070690 
0.700262468617539 
0.595954270641008 
0.478996589232689 
0.350942333472495 
0.214237636412811 
0.072040042821047 
-0.072040042821554 
-0.214237636412104 
-0.350942333473495 
-0.478996589232488 
-0.595954270643646 
-0.700262468618333 
-0.791422493069476 
-0.869864430253878 
-0.932882826895956 
-0.968041792822056 
-0.970292950290664 
-0.953951181518931 
-0.074669964121577 
0.002240848864062 
0.082543113469507 
0.152816575634389 
0.209759112839866 
0.266091417576632 
0.322672857566225 
0.375626394243871 
0.422544947376926 
0.460839853872397 
0.487943303287827 
0.501977155975550 
0.501977155971545 
0.487943303274474 
0.460839853885469 
0.422544947368166 
0.375626394248993 
0.322672857556464 
0.266091417584504 
0.209759112860836 
0.152816575633039 
0.082543113469055 
0.002240848866817 
-0.074669964121591 
0.954522467317683 
0.976128762337060 
0.979603069179382 
0.936765015509986 
0.864973452798714 
0.785877644899877 
0.696603319185342 
0.593894212742995 
0.478092878781611 
0.350728049726155 
0.214287926188969 
0.072086116164781 
-0.072086116165258 
-0.214287926185637 
-0.350728049731106 
-0.478092878777268 
-0.593894212744322 
-0.696603319182630 
-0.785877644904301 
-0.864973452819106 
-0.936765015503665 
-0.979603069195630 
-0.976128762341701 
-0.954522467317278 
-0.074618477975112 
0.003113811207324 
0.083018319758985 
0.146319083669585 
0.202261279197117 
0.263833484570738 
0.321451227165405 
0.373769602057176 
0.420954671405555 
0.459708528030955 
0.487109403537402 
0.501328137798797 
0.501328137831928 
0.487109403566573 
0.459708528058348 
0.420954671396455 
0.373769602088087 
0.321451227168510 
0.263833484549021 
0.202261279160591 
0.146319083653001 
0.083018319755715 
0.003113811211062 
-0.074618477975052 
0.955357197413025 
0.983614649871995 
0.989603022457703 
0.933487524198069 
0.858471433414059 
0.784079391357236 
0.696040314435519 
0.593163445004192 
0.477570376321551 
0.350441730066010 
0.214140789478016 
0.072041058665981 
-0.072041058672008 
-0.214140789476873 
-0.350441730076099 
-0.477570376315684 
-0.593163445018558 
-0.696040314438785 
-0.784079391337578 
-0.858471433391286 
-0.933487524176371 
-0.989603022476193 
-0.983614649879799 
-0.955357197412378 
-0.074558967820602 
0.003686333851771 
0.080267203786524 
0.137937250725707 
0.200730073140197 
0.263487342909196 
0.316570016296236 
0.371205028884236 
0.421099643426389 
0.459151805223488 
0.485263270562255 
0.498824616156352 
0.498824616062676 
0.485263270426441 
0.459151805194722 
0.421099643419482 
0.371205028899244 
0.316570016268837 
0.263487342920915 
0.200730073154081 
0.137937250717516 
0.080267203785369 
0.003686333854864 
-0.074558967820695 
0.956578610532081 
0.992940813746244 
0.997133706969382 
0.927021856040131 
0.856370497735224 
0.784224087770705 
0.693462183106674 
0.591823869145620 
0.477579164211542 
0.350315691929725 
0.213848985447285 
0.071906015613158 
-0.071906015602601 
-0.213848985429130 
-0.350315691928073 
-0.477579164208154 
-0.591823869149907 
-0.693462183094065 
-0.784224087779166 
-0.856370497753420 
-0.927021856028957 
-0.997133706983843 
-0.992940813748062 
-0.956578610531074 
-0.074519050770863 
0.003647774084214 
0.076107282354923 
0.131849975166504 
0.201516186413297 
0.262891123072899 
0.315763157072331 
0.371823576682219 
0.417995002153601 
0.455164927910835 
0.484339717110239 
0.499960501149759 
0.499960501221118 
0.484339717211408 
0.455164927922301 
0.417995002058640 
0.371823576624748 
0.315763157022982 
0.262891123080611 
0.201516186443680 
0.131849975169110 
0.076107282352018 
0.003647774086827 
-0.074519050770930 
0.957625987908258 
0.999870087354412 
1.000028937595892 
0.921582676355316 
0.856540671499098 
0.784095806056074 
0.692912720438265 
0.592267279506909 
0.476664892478823 
0.349168760394707 
0.213509063433176 
0.071893994659073 
-0.071893994669807 
-0.213509063446675 
-0.349168760389562 
-0.476664892443780 
-0.592267279479883 
-0.692912720414350 
-0.784095806064579 
-0.856540671531015 
-0.921582676354733 
-1.000028937608656 
-0.999870087354811 
-0.957625987907113 
-0.074526381379190 
0.003314439002120 
0.075015699646379 
0.132574922034253 
0.202878955726860 
0.262516150338435 
0.316319348636591 
0.372304963153957 
0.418414380511994 
0.456592373453357 
0.484733408272451 
0.498500269817051 
0.498500269827298 
0.484733408279593 
0.456592373450662 
0.418414380474636 
0.372304963144719 
0.316319348601391 
0.262516150329507 
0.202878955739979 
0.132574922031436 
0.075015699642159 
0.003314439003241 
-0.074526381379348 
0.957643712589939 
0.999352919226966 
0.998024475287416 
0.921709319702087 
0.857804804973986 
0.783847769533443 
0.693140409577879 
0.592525672909837 
0.476746639885737 
0.349511289578819 
0.213676943786845 
0.071880200244485 
-0.071880200247078 
-0.213676943787844 
-0.349511289575769 
-0.476746639872881 
-0.592525672903089 
-0.693140409559845 
-0.783847769529645 
-0.857804804991101 
-0.921709319695852 
-0.998024475295711 
-0.999352919225565 
-0.957643712588934 
-0.074516268924519 
0.003035888961153 
0.073142550979660 
0.132229376993030 
0.203737914902452 
0.260918888413976 
0.316226350627765 
0.372143991944965 
0.417880119395312 
0.456982655894817 
0.484449143294133 
0.497654402325621 
0.497654402319928 
0.484449143275014 
0.456982655895982 
0.417880119398159 
0.372143991961975 
0.316226350613130 
0.260918888390322 
0.203737914880586 
0.132229376973163 
0.073142550974050 
0.003035888959350 
-0.074516268924960 
0.958017424301027 
1.001245228947659 
0.997759610274189 
0.921205718870650 
0.858684878543936 
0.782781400150719 
0.692988511175011 
0.592542836916256 
0.476494720590351 
0.349587822151546 
0.213677494951903 
0.071837177067880 
-0.071837177069054 
-0.213677494947870 
-0.349587822153129 
-0.476494720591967 
-0.592542836920311 
-0.692988511167808 
-0.782781400133362 
-0.858684878531043 
-0.921205718847345 
-0.997759610272887 
-1.001245228940349 
-0.958017424300023 
-0.074493431238934 
0.002413507873229 
0.069166469138268 
0.131312665108055 
0.204551654194053 
0.258051932868873 
0.316564875521032 
0.371169219455901 
0.416894068259079 
0.457186711644011 
0.483373475868276 
0.497166499739752 
0.497166499734327 
0.483373475836720 
0.457186711643522 
0.416894068279227 
0.371169219445273 
0.316564875517196 
0.258051932843086 
0.204551654157404 
0.131312665078602 
0.069166469135289 
0.002413507866258 
-0.074493431239927 
0.958841571600576 
1.005407795933298 
0.997425143117598 
0.920153747139113 
0.859727803883872 
0.780745511536426 
0.693082809715507 
0.592279225402975 
0.476004100802928 
0.349670577828838 
0.213540178134084 
0.071745786978112 
-0.071745786978967 
-0.213540178127335 
-0.349670577832775 
-0.476004100807752 
-0.592279225396518 
-0.693082809714932 
-0.780745511516791 
-0.859727803858171 
-0.920153747104537 
-0.997425143103361 
-1.005407795913946 
-0.958841571599277 
-0.074460352790192 
0.001368893639104 
0.063809403844420 
0.130738791069293 
0.203811183843924 
0.256008189599728 
0.317266827854956 
0.368640389235970 
0.416763060166041 
0.456332946093912 
0.482578576641050 
0.496803112431955 
0.496803112484229 
0.482578576647409 
0.456332946067582 
0.416763060205639 
0.368640389321089 
0.317266828129414 
0.256008190261627 
0.203811184557200 
0.130738791397264 
0.063809403882797 
0.001368893764439 
-0.074460352780221 
0.959993803208853 
1.010771079825898 
0.996566459358189 
0.919517480881109 
0.859670836548135 
0.778986648934472 
0.693689388841491 
0.591166993235748 
0.475827121097863 
0.349565750281466 
0.213336635387733 
0.071744166272630 
-0.071744166274977 
-0.213336635392151 
-0.349565750267472 
-0.475827121112537 
-0.591166993299735 
-0.693689388994382 
-0.778986649392675 
-0.859670837227861 
-0.919517481262419 
-0.996566459642546 
-1.010771079987604 
-0.959993803199941 
-0.074396796177600 
-0.000446226856135 
0.055250590090434 
0.130349050295581 
0.201169548706873 
0.253164876219607 
0.316794668607127 
0.367242750328969 
0.417843370529696 
0.452883554567344 
0.481587646795346 
0.495528046367190 
0.495528046081198 
0.481587646932962 
0.452883555860401 
0.417843372417410 
0.367242752172613 
0.316794669391648 
0.253164875745945 
0.201169548508461 
0.130349051003699 
0.055250590625020 
-0.000446226536520 
-0.074396796157179 
0.961954669116674 
1.019629761714844 
0.995222079425606 
0.919130582419700 
0.858360218293225 
0.776412574952763 
0.693791311396914 
0.590309021850472 
0.476361953834991 
0.348794546433654 
0.212983228175315 
0.071798631497713 
-0.071798631459617 
-0.212983228264240 
-0.348794546795137 
-0.476361954517465 
-0.590309022714041 
-0.693791311717628 
-0.776412574511606 
-0.858360218370530 
-0.919130583368310 
-0.995222080533598 
-1.019629762188065 
-0.961954669115095 
-0.074393116771599 
-0.000652562985712 
0.054742119076096 
0.130688740115737 
0.200610760510987 
0.254077125698361 
0.316749781363552 
0.365739097412502 
0.417028088794342 
0.452979805209361 
0.482261526851762 
0.495533788185820 
0.495533788466883 
0.482261527600458 
0.452979805983198 
0.417028089412817 
0.365739098352630 
0.316749782426960 
0.254077126260634 
0.200610760955263 
0.130688740879679 
0.054742119557826 
-0.000652562636676 
-0.074393116748028 
0.962092095953164 
1.020085245255128 
0.995051411187535 
0.919546426859991 
0.857969292559166 
0.776942220998663 
0.693948307304641 
0.589590418676188 
0.476040411586986 
0.348766801493651 
0.213097369975217 
0.071835323947073 
-0.071835323981240 
-0.213097370114039 
-0.348766801660148 
-0.476040411809212 
-0.589590419170900 
-0.693948307861205 
-0.776942221304470 
-0.857969293150881 
-0.919546427855089 
-0.995051412312892 
-1.020085245784349 
-0.962092095952369 
-0.074393280167649 
-0.000803336269924 
0.054598791298987 
0.131056899893885 
0.200166095719688 
0.254766396965721 
0.316285034413908 
0.365805272729475 
0.417115840000368 
0.453007934045616 
0.482449968838585 
0.495631635014483 
0.495631635049562 
0.482449969118232 
0.453007934598293 
0.417115840612579 
0.365805273494803 
0.316285035393040 
0.254766397738609 
0.200166096303257 
0.131056900667425 
0.054598791803514 
-0.000803335907316 
-0.074393280143240 
0.962123280874640 
1.019964992899943 
0.994681067585416 
0.919900535933454 
0.857605121713379 
0.777382339320875 
0.693764155735978 
0.589533898125603 
0.476122616793626 
0.348740633155650 
0.213141966936940 
0.071832192889718 
-0.071832192889598 
-0.213141967005831 
-0.348740633286781 
-0.476122617010920 
-0.589533898527501 
-0.693764156266129 
-0.777382339788915 
-0.857605122412192 
-0.919900536938270 
-0.994681068760611 
-1.019964993468840 
-0.962123280878584 
-0.074384493998581 
-0.001476477341830 
0.053233371528075 
0.132524726544574 
0.198709992443538 
0.256338256705695 
0.315173526890522 
0.366023114169183 
0.416930521602553 
0.452807115472617 
0.482401953882324 
0.495319790112756 
0.495319790090409 
0.482401953856188 
0.452807115639441 
0.416930521996368 
0.366023114394759 
0.315173527584177 
0.256338257879325 
0.198709993301186 
0.132524727358498 
0.053233372138106 
-0.001476476918803 
-0.074384493970297 
0.962446769374273 
1.020575259902002 
0.993357422104649 
0.921294350309680 
0.856572558149666 
0.778283184703936 
0.693375025781930 
0.589408726377819 
0.476217835954007 
0.348586181016465 
0.213207890745326 
0.071773775738455 
-0.071773775728752 
-0.213207890751287 
-0.348586181062354 
-0.476217836087534 
-0.589408726506779 
-0.693375026195269 
-0.778283185486363 
-0.856572559066193 
-0.921294351372689 
-0.993357423505971 
-1.020575260634255 
-0.962446769395880 
-0.074348265466460 
-0.002828134285624 
0.048753594413430 
0.133324929110455 
0.195995419041983 
0.257058250704898 
0.313078750429938 
0.366783124344158 
0.415672034743141 
0.452859152974475 
0.482162692791465 
0.495039738693447 
0.495039739343117 
0.482162693728383 
0.452859153097119 
0.415672034954948 
0.366783124886417 
0.313078751215893 
0.257058251791569 
0.195995419841273 
0.133324929976744 
0.048753595204083 
-0.002828133755758 
-0.074348265430440 
0.963510708871808 
1.024527776891438 
0.991710906379463 
0.922136236846364 
0.854666246343167 
0.778487787483449 
0.692464026787439 
0.589504544488407 
0.476021467452143 
0.348364013298129 
0.213331835958605 
0.071616317763684 
-0.071616317842315 
-0.213331836077085 
-0.348364013282679 
-0.476021467560195 
-0.589504544759265 
-0.692464027237574 
-0.778487788219770 
-0.854666247236839 
-0.922136238014988 
-0.991710908193534 
-1.024527777937150 
-0.963510708929551 
-0.074334840093459 
-0.003241326800885 
0.047292375214646 
0.133703492948000 
0.195550547223088 
0.257068812605655 
0.312606357480734 
0.366850926322264 
0.415083964018745 
0.452932446592122 
0.481391439348620 
0.494728320372339 
0.494728320198874 
0.481391439147782 
0.452932446704230 
0.415083964749420 
0.366850927105170 
0.312606358233063 
0.257068813728512 
0.195550548117046 
0.133703493825262 
0.047292376016166 
-0.003241326247201 
-0.074334840055125 
0.963863913926348 
1.025887700392291 
0.991235926145904 
0.922503908510691 
0.854441982407462 
0.778425430881135 
0.692253190440226 
0.589503016833313 
0.475849927681719 
0.348340230833951 
0.213283941575783 
0.071515633692743 
-0.071515633660927 
-0.213283941564119 
-0.348340230870782 
-0.475849927976318 
-0.589503017190424 
-0.692253190867484 
-0.778425431659261 
-0.854441983383857 
-0.922503909691894 
-0.991235928032743 
-1.025887701525900 
-0.963863913995783 
-0.074317830585888 
-0.003708628090812 
0.045346402449892 
0.133714584651400 
0.195152392883446 
0.256635957333846 
0.312191753543739 
0.366908814825963 
0.414263021870412 
0.453109455881848 
0.480540593207809 
0.494545962702709 
0.494545962525211 
0.480540593199129 
0.453109456280056 
0.414263022642421 
0.366908815708161 
0.312191754359788 
0.256635958401171 
0.195152393772767 
0.133714585493098 
0.045346403223909 
-0.003708627519485 
-0.074317830545118 
0.964323320264553 
1.027840519179587 
0.990845312308800 
0.922528312842296 
0.854269498743254 
0.778065124922975 
0.692041934320456 
0.589539240703843 
0.475575923451069 
0.348339041213296 
0.213228129105969 
0.071401779832579 
-0.071401779801489 
-0.213228129139411 
-0.348339041310728 
-0.475575923757242 
-0.589539241110802 
-0.692041934775602 
-0.778065125665419 
-0.854269499724454 
-0.922528313986970 
-0.990845314228042 
-1.027840520399294 
-0.964323320346793 
-0.074315318638688 
-0.003845255954503 
0.044907646124432 
0.133684091174724 
0.195056691999654 
0.256613260646869 
0.312084235801614 
0.366959629092642 
0.414028329143845 
0.453145373755816 
0.480376827192830 
0.494624534022569 
0.494624534180216 
0.480376827683768 
0.453145374255795 
0.414028329686245 
0.366959629837733 
0.312084236571774 
0.256613261491629 
0.195056692604151 
0.133684091754811 
0.044907646724122 
-0.003845255403949 
-0.074315318595697 
0.964427554006178 
1.028235667931550 
0.990723739536113 
0.922510304180017 
0.854206581727796 
0.778046844437513 
0.691982290831624 
0.589568277034431 
0.475497544186499 
0.348334947038380 
0.213216543077055 
0.071377836611886 
-0.071377836625088 
-0.213216543175634 
-0.348334947134996 
-0.475497544405815 
-0.589568277388573 
-0.691982291252089 
-0.778046845012595 
-0.854206582460839 
-0.922510305043971 
-0.990723741278304 
-1.028235669167161 
-0.964427554097897 
-0.074320585914404 
-0.003925359758993 
0.044690705534337 
0.133412773305005 
0.194851447044868 
0.256497950087262 
0.312084984496978 
0.367092284516579 
0.414327063960782 
0.453606074496513 
0.480942945631557 
0.495249344291328 
0.495249344377226 
0.480942945992180 
0.453606074963589 
0.414327064528597 
0.367092285256566 
0.312084985247838 
0.256497950925412 
0.194851447668730 
0.133412773884946 
0.044690706116516 
-0.003925359213552 
-0.074320585871474 
0.964416025962549 
1.028094957812895 
0.990409280464376 
0.922209140957958 
0.854014827748744 
0.777959408753501 
0.691972846332923 
0.589623975355037 
0.475593492663191 
0.348445282062965 
0.213296529459900 
0.071408103932973 
-0.071408103934814 
-0.213296529539726 
-0.348445282157320 
-0.475593492890752 
-0.589623975704642 
-0.691972846742320 
-0.777959409325512 
-0.854014828499598 
-0.922209141817873 
-0.990409282184817 
-1.028094959043872 
-0.964416026054722 
