-0.070264470130883 
0.000963668900103 
0.073757660332334 
0.142394498946704 
0.202669342341999 
0.257507245944048 
0.309829720828079 
0.359080210845622 
0.402799881578831 
0.438267712425592 
0.463220473957583 
0.476093330592608 
0.476093330594281 
0.463220473954417 
0.438267712419836 
0.402799881594876 
0.359080210851820 
0.309829720819078 
0.257507245951246 
0.202669342341381 
0.142394498952244 
0.073757660331952 
0.000963668900455 
-0.070264470130539 
1.078747534397152 
1.094294139354194 
1.087065883314239 
1.048441039010046 
0.981966244672365 
0.896217947408691 
0.794219169331663 
0.676365347727152 
0.543609180630233 
0.398091125995922 
0.242881079502606 
0.081641663587679 
-0.081641663587351 
-0.242881079502750 
-0.398091125995137 
-0.543609180634240 
-0.676365347729047 
-0.794219169327857 
-0.896217947411694 
-0.981966244675135 
-1.048441039015098 
-1.087065883314477 
-1.094294139359842 
-1.078747534397630 
-0.070177168760229 
0.002614708906735 
0.079195014715107 
0.144739174308848 
0.195492975782532 
0.246221674665180 
0.299672898060477 
0.351092918753148 
0.396888127600897 
0.434413252238047 
0.461205198562023 
0.475195535795170 
0.475195535785760 
0.461205198558041 
0.434413252226858 
0.396888127623093 
0.351092918758385 
0.299672898063543 
0.246221674681145 
0.195492975786806 
0.144739174317210 
0.079195014716150 
0.002614708908373 
-0.070177168759838 
1.079385905115285 
1.101294369208087 
1.102251973385434 
1.055672734203522 
0.977690205888325 
0.889647458194072 
0.789379083595701 
0.673297988091768 
0.541833005136127 
0.397231778718888 
0.242578960437931 
0.081583641380469 
-0.081583641378963 
-0.242578960438977 
-0.397231778717067 
-0.541833005141426 
-0.673297988093963 
-0.789379083597367 
-0.889647458202045 
-0.977690205895665 
-1.055672734211652 
-1.102251973393382 
-1.101294369216979 
-1.079385905115719 
-0.070106375549310 
0.003816910591870 
0.081690752232497 
0.141415891936874 
0.185559825710974 
0.236385119983442 
0.292237216925246 
0.346285538031741 
0.395269788374091 
0.436188537567961 
0.465752445117667 
0.481269838738156 
0.481269838728441 
0.465752445117104 
0.436188537557971 
0.395269788399472 
0.346285538034901 
0.292237216934272 
0.236385120004302 
0.185559825719433 
0.141415891944472 
0.081690752237430 
0.003816910595340 
-0.070106375548904 
1.079971450936350 
1.107229178243883 
1.112715353716602 
1.056641578132177 
0.971167329972503 
0.883867815353619 
0.785793960120069 
0.671399506703617 
0.541265955190653 
0.397510735473295 
0.243082117194890 
0.081813142977996 
-0.081813142976623 
-0.243082117196550 
-0.397510735472079 
-0.541265955195624 
-0.671399506705702 
-0.785793960124498 
-0.883867815364334 
-0.971167329982696 
-1.056641578142967 
-1.112715353736163 
-1.107229178255491 
-1.079971450936665 
-0.070082879876271 
0.004135083271115 
0.081218394138424 
0.137826278724840 
0.182819717202569 
0.236451892725383 
0.292938575575161 
0.346580035759425 
0.395241933179365 
0.435778352153971 
0.464791827154928 
0.479886053787985 
0.479886053785075 
0.464791827152673 
0.435778352147022 
0.395241933210287 
0.346580035759919 
0.292938575588657 
0.236451892738124 
0.182819717202211 
0.137826278731812 
0.081218394124492 
0.004135083273476 
-0.070082879875535 
1.080211773209268 
1.109510460523666 
1.115285796648425 
1.054761077695401 
0.969253540942877 
0.883853588370454 
0.786184838089231 
0.671551524606855 
0.541271130462281 
0.397438892882442 
0.242974864315056 
0.081760460284201 
-0.081760460282658 
-0.242974864317621 
-0.397438892881315 
-0.541271130468732 
-0.671551524608827 
-0.786184838094629 
-0.883853588377380 
-0.969253540948077 
-1.054761077693998 
-1.115285796658863 
-1.109510460543329 
-1.080211773209919 
-0.069912308905480 
0.006102762887910 
0.077228292401307 
0.118096191223496 
0.171953575928720 
0.236595561644387 
0.291034499483205 
0.342450478433795 
0.391543023952121 
0.431853844726278 
0.460503584403540 
0.475802599823288 
0.475802599724825 
0.460503584429586 
0.431853844779733 
0.391543023955845 
0.342450478405268 
0.291034499469040 
0.236595561586471 
0.171953575861111 
0.118096191250270 
0.077228292385396 
0.006102762884322 
-0.069912308904555 
1.081887890613895 
1.124667547907779 
1.130791079976270 
1.044355313868167 
0.961233922711354 
0.884066461880539 
0.785623926890119 
0.669845755969845 
0.540015759844630 
0.396552724661884 
0.242406184207148 
0.081577183831346 
-0.081577183823370 
-0.242406184217827 
-0.396552724675545 
-0.540015759837030 
-0.669845755962003 
-0.785623926879827 
-0.884066461847722 
-0.961233922675090 
-1.044355313878052 
-1.130791079982144 
-1.124667547933249 
-1.081887890617030 
-0.069856505116609 
0.005656429638185 
0.070135853105777 
0.109393304921987 
0.172745633552454 
0.235812328454823 
0.287231056124487 
0.342120875214825 
0.392789285832731 
0.432036083555101 
0.459604432396440 
0.473971984154224 
0.473971984121680 
0.459604432440385 
0.432036083496641 
0.392789285803341 
0.342120875202887 
0.287231056145958 
0.235812328437675 
0.172745633497733 
0.109393304928532 
0.070135853048805 
0.005656429629693 
-0.069856505115336 
1.082729758972266 
1.130582000423123 
1.132959792974820 
1.039594758522304 
0.961811407517965 
0.883925948070792 
0.783653306979467 
0.669524932749096 
0.540438966022872 
0.396689793199391 
0.242380638273134 
0.081546425247719 
-0.081546425246808 
-0.242380638278732 
-0.396689793185588 
-0.540438966010532 
-0.669524932749531 
-0.783653306986283 
-0.883925948066815 
-0.961811407490923 
-1.039594758506457 
-1.132959792952626 
-1.130582000452928 
-1.082729758975950 
-0.069788020252837 
0.005518764155432 
0.064883433533357 
0.102988045344252 
0.172947065634142 
0.233638737742748 
0.283233482076651 
0.340635506200119 
0.391434836430474 
0.430373708910575 
0.458658728292245 
0.473331203314669 
0.473331203306056 
0.458658728332309 
0.430373708805382 
0.391434836409951 
0.340635506193995 
0.283233482104108 
0.233638737744613 
0.172947065589711 
0.102988045346013 
0.064883433458913 
0.005518764143454 
-0.069788020251473 
1.083580805346254 
1.136754830544008 
1.136647226165157 
1.036594601811134 
0.962098361066344 
0.882941288950682 
0.781591765996071 
0.668837551655722 
0.540045419989714 
0.396316129976011 
0.242255126825402 
0.081530581675360 
-0.081530581677144 
-0.242255126826498 
-0.396316129952476 
-0.540045419982505 
-0.668837551658268 
-0.781591766005235 
-0.882941288960679 
-0.962098361048326 
-1.036594601783040 
-1.136647226125802 
-1.136754830574270 
-1.083580805350219 
-0.069629988358557 
0.002782682790920 
0.045168125700264 
0.091126669500857 
0.175674837605417 
0.224194211358931 
0.280736878238161 
0.339970049405493 
0.381664066378288 
0.425132311630538 
0.458685282499530 
0.472561491475962 
0.472561491538595 
0.458685282575475 
0.425132311882155 
0.381664066678357 
0.339970049343439 
0.280736878262135 
0.224194211479380 
0.175674837155726 
0.091126668648609 
0.045168124927767 
0.002782682856688 
-0.069629988339116 
1.086104148433828 
1.151900425846952 
1.140201441958057 
1.031301530462734 
0.965267056286701 
0.877755987637100 
0.779877031499693 
0.669034411702811 
0.536914735547060 
0.394708538043276 
0.242257992813562 
0.081583996562480 
-0.081583996557336 
-0.242257992850280 
-0.394708538093030 
-0.536914735643859 
-0.669034411665404 
-0.779877031511991 
-0.877755987774779 
-0.965267055809469 
-1.031301529928190 
-1.140201441891029 
-1.151900426149469 
-1.086104148457470 
-0.069580363189735 
0.002548794276103 
0.042985457269782 
0.091158630700165 
0.176422826584792 
0.221643845800096 
0.278210141557109 
0.338305313757427 
0.382574297710460 
0.426212877978028 
0.456703546266620 
0.469923911265435 
0.469923911322527 
0.456703546236209 
0.426212878006121 
0.382574297854815 
0.338305313662028 
0.278210141495609 
0.221643845864040 
0.176422826256393 
0.091158629981593 
0.042985456520545 
0.002548794340340 
-0.069580363170465 
1.086590488773817 
1.154700771888663 
1.141279466061253 
1.031673569523183 
0.966164107101259 
0.876372778436904 
0.778563470782939 
0.668263844593137 
0.537073786429386 
0.395049645765117 
0.242039694937786 
0.081422777553661 
-0.081422777548929 
-0.242039694954493 
-0.395049645757401 
-0.537073786483594 
-0.668263844541784 
-0.778563470744277 
-0.876372778556161 
-0.966164106726081 
-1.031673569099478 
-1.141279466006035 
-1.154700772172846 
-1.086590488794221 
-0.069564322807652 
0.002135015974606 
0.041784957465217 
0.092299484131933 
0.175998545390140 
0.220084298076329 
0.278674357404288 
0.337514556525987 
0.382433481663008 
0.426473612172346 
0.455604910409656 
0.469525602813363 
0.469525602859548 
0.455604910341603 
0.426473612130315 
0.382433481714786 
0.337514556391071 
0.278674357264687 
0.220084298096731 
0.175998545154952 
0.092299483493173 
0.041784956697395 
0.002135016044350 
-0.069564322787215 
1.086821577820774 
1.155647403740182 
1.141250064851003 
1.032591431780903 
0.966146915662815 
0.875367004777010 
0.778815220355514 
0.667991992074093 
0.536928272938289 
0.395151394269143 
0.241878579676675 
0.081341037744144 
-0.081341037736978 
-0.241878579690874 
-0.395151394238316 
-0.536928272965237 
-0.667991992004844 
-0.778815220272347 
-0.875367004883310 
-0.966146915349459 
-1.032591431442763 
-1.141250064822993 
-1.155647404032915 
-1.086821577840170 
-0.069525242354919 
0.000971631888225 
0.037491923795699 
0.093027954668264 
0.174690127300646 
0.216959362817367 
0.279879743914733 
0.335603802970305 
0.381715325007474 
0.426480731386974 
0.453369654930555 
0.469183211148713 
0.469183211177493 
0.453369654821380 
0.426480731242369 
0.381715324882965 
0.335603802774848 
0.279879743604250 
0.216959362605764 
0.174690127069359 
0.093027954111364 
0.037491922966595 
0.000971631974068 
-0.069525242331450 
1.087488182400056 
1.158747562744702 
1.141441577859948 
1.033668668330546 
0.965825868062664 
0.873332304146872 
0.779505188707377 
0.667327046552585 
0.536494990118126 
0.395244193497322 
0.241527870501297 
0.081193128285991 
-0.081193128274529 
-0.241527870517582 
-0.395244193426658 
-0.536494990093967 
-0.667327046456480 
-0.779505188522636 
-0.873332304135667 
-0.965825867735300 
-1.033668668110945 
-1.141441577892240 
-1.158747563066209 
-1.087488182417565 
-0.069475037916350 
-0.000676571504720 
0.030780023179386 
0.092057516226853 
0.172910542822292 
0.214252168037582 
0.280529058254667 
0.332613357184537 
0.381122643695567 
0.425939868863406 
0.451192626044839 
0.468801767538657 
0.468801767506817 
0.451192625873889 
0.425939868613034 
0.381122643374260 
0.332613356890985 
0.280529057800022 
0.214252167645439 
0.172910542654925 
0.092057515795113 
0.030780022275737 
-0.000676571408692 
-0.069475037890021 
1.088435322497898 
1.163422028251432 
1.141980822135543 
1.034016440789612 
0.965221839314931 
0.871557195910764 
0.780036299487271 
0.666133859858308 
0.536109975526129 
0.395242740893767 
0.241155505541608 
0.081087264875519 
-0.081087264855831 
-0.241155505561266 
-0.395242740781465 
-0.536109975442545 
-0.666133859721187 
-0.780036299216634 
-0.871557195815334 
-0.965221839015266 
-1.034016440728685 
-1.141980822226886 
-1.163422028592998 
-1.088435322511591 
-0.069458801562861 
-0.001273801336160 
0.028561627445774 
0.091792934390882 
0.172164214186194 
0.213671179294868 
0.280428920808907 
0.331780633999064 
0.381092618573095 
0.425349818955034 
0.450993715601105 
0.468455142379819 
0.468455142347033 
0.450993715432063 
0.425349818718895 
0.381092618249309 
0.331780633727290 
0.280428920365714 
0.213671178854365 
0.172164213993771 
0.091792933972661 
0.028561626531972 
-0.001273801235076 
-0.069458801535501 
1.088747387594948 
1.164903501047693 
1.142140002843913 
1.034201490580277 
0.964883879992294 
0.871165492386878 
0.780079338435467 
0.665754723417070 
0.536095489400103 
0.395118000313580 
0.241088903136461 
0.081105277517327 
-0.081105277497439 
-0.241088903160741 
-0.395118000201895 
-0.536095489317120 
-0.665754723289279 
-0.780079338167676 
-0.871165492269432 
-0.964883879672278 
-1.034201490545304 
-1.142140002960540 
-1.164903501399197 
-1.088747387608133 
-0.069432389426188 
-0.000921885907919 
0.029669989223864 
0.093221385084726 
0.173224692329847 
0.214361444171053 
0.280518374380073 
0.331138743660475 
0.379751229899696 
0.423187014764532 
0.448410351549853 
0.465519926072824 
0.465519926046704 
0.448410351391414 
0.423187014543201 
0.379751229591445 
0.331138743401402 
0.280518373959112 
0.214361443745253 
0.173224692138537 
0.093221384672048 
0.029669988313482 
-0.000921885807914 
-0.069432389399360 
1.088808601693800 
1.165435471288506 
1.143232845357089 
1.035346863971338 
0.965669609335118 
0.871609098707958 
0.780169843421994 
0.665512040895888 
0.535685866038014 
0.394636818270750 
0.240739814961690 
0.080978868530701 
-0.080978868509720 
-0.240739814986050 
-0.394636818161125 
-0.535685865959741 
-0.665512040774007 
-0.780169843164969 
-0.871609098597638 
-0.965669609016362 
-1.035346863940715 
-1.143232845461608 
-1.165435471623490 
-1.088808601704297 
-0.069429052465196 
-0.000951811915639 
0.029592746268966 
0.093274375497408 
0.173116246953002 
0.214484299748482 
0.280422834240543 
0.330945163896277 
0.379708587197423 
0.423000458886016 
0.448527949413018 
0.465587632099684 
0.465587632073365 
0.448527949264223 
0.423000458676659 
0.379708586895789 
0.330945163643611 
0.280422833839010 
0.214484299332163 
0.173116246756459 
0.093274375084572 
0.029592745359605 
-0.000951811818322 
-0.069429052438896 
1.088830896520113 
1.165520944250137 
1.143254688431491 
1.035405228020384 
0.965595032274026 
0.871675869000582 
0.780145367809069 
0.665415811992072 
0.535679542446788 
0.394588702251947 
0.240743229848240 
0.080993616481751 
-0.080993616460930 
-0.240743229874406 
-0.394588702144950 
-0.535679542370272 
-0.665415811873486 
-0.780145367562232 
-0.871675868895052 
-0.965595031951712 
-1.035405227989519 
-1.143254688529712 
-1.165520944574540 
-1.088830896528877 
-0.069377798698160 
-0.001446182601696 
0.028269774839448 
0.093973435846873 
0.171164845766507 
0.215870997661527 
0.279065240954824 
0.328909501889926 
0.380134929571377 
0.420910728146710 
0.449826589535308 
0.465436988927780 
0.465436988935404 
0.449826589400325 
0.420910728105162 
0.380134929402519 
0.328909501710012 
0.279065240664206 
0.215870997323518 
0.171164845507695 
0.093973435476174 
0.028269773999466 
-0.001446182541049 
-0.069377798680071 
1.089176872012878 
1.166823834953896 
1.143493271538997 
1.036214529714750 
0.964265885203760 
0.872388498303859 
0.779774522080678 
0.664315186053630 
0.535938162438204 
0.394070134924549 
0.240787734373199 
0.081169825351936 
-0.081169825333959 
-0.240787734404377 
-0.394070134863865 
-0.535938162398161 
-0.664315185958368 
-0.779774521892886 
-0.872388498255555 
-0.964265884851101 
-1.036214529702707 
-1.143493271581693 
-1.166823835131329 
-1.089176871997548 
-0.069370511137535 
-0.001423601317227 
0.028337189723549 
0.094215433469609 
0.171180906666931 
0.215926958873261 
0.279070713460589 
0.328922417062687 
0.380074544971439 
0.420559621478310 
0.449350792526553 
0.464829431553025 
0.464829431562614 
0.449350792396936 
0.420559621423790 
0.380074544793863 
0.328922416902817 
0.279070713247040 
0.215926958665602 
0.171180906527057 
0.094215433145202 
0.028337188883666 
-0.001423601260010 
-0.069370511119915 
1.089206600645981 
1.166979735283028 
1.143655779329714 
1.036421690923057 
0.964289941760566 
0.872417161314303 
0.779786084554691 
0.664314995230485 
0.535932406592084 
0.393996381663577 
0.240725513858037 
0.081146350244252 
-0.081146350226663 
-0.240725513888977 
-0.393996381599629 
-0.535932406549337 
-0.664314995146047 
-0.779786084411445 
-0.872417161344522 
-0.964289941490667 
-1.036421690946955 
-1.143655779365627 
-1.166979735449108 
-1.089206600628893 
-0.069366818856422 
-0.001460995719229 
0.028215305984340 
0.094240417601199 
0.171028063253101 
0.215899754193628 
0.279047627128805 
0.328982788584647 
0.380175380606704 
0.420516580292384 
0.449320097404812 
0.464741723121202 
0.464741723134176 
0.449320097281640 
0.420516580236058 
0.380175380432092 
0.328982788429311 
0.279047626918148 
0.215899753980750 
0.171028063110370 
0.094240417282955 
0.028215305152104 
-0.001460995659409 
-0.069366818838388 
1.089230131515717 
1.167064364973918 
1.143645704822608 
1.036457209045380 
0.964189943013256 
0.872391332927301 
0.779780535618297 
0.664329955240184 
0.535974159484588 
0.393988070038712 
0.240721251371282 
0.081145695138289 
-0.081145695121343 
-0.240721251402520 
-0.393988069974471 
-0.535974159443006 
-0.664329955157829 
-0.779780535476946 
-0.872391332953836 
-0.964189942740789 
-1.036457209074186 
-1.143645704867288 
-1.167064365144572 
-1.089230131499220 
