-0.074320585914404 
-0.003925359758993 
0.044690705534337 
0.133412773305005 
0.194851447044868 
0.256497950087262 
0.312084984496978 
0.367092284516579 
0.414327063960782 
0.453606074496513 
0.480942945631557 
0.495249344291328 
0.495249344377226 
0.480942945992180 
0.453606074963589 
0.414327064528597 
0.367092285256566 
0.312084985247838 
0.256497950925412 
0.194851447668730 
0.133412773884946 
0.044690706116516 
-0.003925359213552 
-0.074320585871474 
0.964416025962549 
1.028094957812895 
0.990409280464376 
0.922209140957958 
0.854014827748744 
0.777959408753501 
0.691972846332923 
0.589623975355037 
0.475593492663191 
0.348445282062965 
0.213296529459900 
0.071408103932973 
-0.071408103934814 
-0.213296529539726 
-0.348445282157320 
-0.475593492890752 
-0.589623975704642 
-0.691972846742320 
-0.777959409325512 
-0.854014828499598 
-0.922209141817873 
-0.990409282184817 
-1.028094959043872 
-0.964416026054722 
